species_label,xc_id,sci_name,source_path,start_s,end_s,rms_db,rms_gate_thr_db,teacher_decision,teacher_top_sci,teacher_top_common,teacher_top_conf,teacher_max_conf,final_class,selected,selected_reason,clip_path,error
falco_peregrinus,518963,Falco peregrinus,/Users/justyna-przy/Projects/ISE/FYP/src/dataset/bird_data/raw/falco_peregrinus/XC518963.mp3,1.0,4.0,-34.6762232322341,-34.97863484557688,drop,Accipiter cooperii,Cooper's Hawk,0.12723875045776367,0.12723875045776367,drop,0,,,
falco_peregrinus,518963,Falco peregrinus,/Users/justyna-przy/Projects/ISE/FYP/src/dataset/bird_data/raw/falco_peregrinus/XC518963.mp3,4.0,7.0,-34.05964742038523,-34.97863484557688,species,Falco peregrinus,Peregrine Falcon,0.6896634697914124,0.6896634697914124,species,1,rand_species,/Users/justyna-przy/Projects/ISE/FYP/src/dataset/bird_data/clips/species/falco_peregrinus/XC518963__s4000__e7000.wav,
falco_peregrinus,518963,Falco peregrinus,/Users/justyna-przy/Projects/ISE/FYP/src/dataset/bird_data/raw/falco_peregrinus/XC518963.mp3,7.0,10.0,-34.88501450276868,-34.97863484557688,non_bird,,,0.0,0.0,non_bird,1,nonbird_lowconf,/Users/justyna-przy/Projects/ISE/FYP/src/dataset/bird_data/clips/non_bird/falco_peregrinus/XC518963__s7000__e10000.wav,
falco_peregrinus,1013457,Falco peregrinus,/Users/justyna-przy/Projects/ISE/FYP/src/dataset/bird_data/raw/falco_peregrinus/XC1013457.mp3,7.0,10.0,-43.77797311441698,-40.0,drop,Garrulus glandarius,Eurasian Jay,0.578565776348114,0.578565776348114,drop,0,,,
falco_peregrinus,1013434,Falco peregrinus,/Users/justyna-przy/Projects/ISE/FYP/src/dataset/bird_data/raw/falco_peregrinus/XC1013434.mp3,1.0,4.0,-23.05496372044635,-30.32987707867854,species,Falco peregrinus,Peregrine Falcon,0.970589816570282,0.970589816570282,species,1,rand_species,/Users/justyna-przy/Projects/ISE/FYP/src/dataset/bird_data/clips/species/falco_peregrinus/XC1013434__s1000__e4000.wav,
falco_peregrinus,1013434,Falco peregrinus,/Users/justyna-przy/Projects/ISE/FYP/src/dataset/bird_data/raw/falco_peregrinus/XC1013434.mp3,7.0,10.0,-30.11569708128054,-30.32987707867854,drop,Chroicocephalus ridibundus,Black-headed Gull,0.7698471546173096,0.7698471546173096,drop,0,,,
falco_peregrinus,1013434,Falco peregrinus,/Users/justyna-przy/Projects/ISE/FYP/src/dataset/bird_data/raw/falco_peregrinus/XC1013434.mp3,16.0,19.0,-29.988881949271338,-30.32987707867854,non_bird,,,0.0,0.0,non_bird,1,nonbird_lowconf,/Users/justyna-przy/Projects/ISE/FYP/src/dataset/bird_data/clips/non_bird/falco_peregrinus/XC1013434__s16000__e19000.wav,
falco_peregrinus,1013434,Falco peregrinus,/Users/justyna-przy/Projects/ISE/FYP/src/dataset/bird_data/raw/falco_peregrinus/XC1013434.mp3,19.0,22.0,-30.22836114928804,-30.32987707867854,non_bird,,,0.0,0.0,non_bird,1,nonbird_lowconf,/Users/justyna-przy/Projects/ISE/FYP/src/dataset/bird_data/clips/non_bird/falco_peregrinus/XC1013434__s19000__e22000.wav,
falco_peregrinus,1013434,Falco peregrinus,/Users/justyna-przy/Projects/ISE/FYP/src/dataset/bird_data/raw/falco_peregrinus/XC1013434.mp3,22.0,25.0,-29.00747156387666,-30.32987707867854,drop,Chroicocephalus ridibundus,Black-headed Gull,0.9471570253372192,0.9471570253372192,drop,0,,,
falco_peregrinus,1013434,Falco peregrinus,/Users/justyna-przy/Projects/ISE/FYP/src/dataset/bird_data/raw/falco_peregrinus/XC1013434.mp3,25.0,28.0,-27.86335605181317,-30.32987707867854,drop,Chroicocephalus ridibundus,Black-headed Gull,0.2629830539226532,0.2629830539226532,drop,0,,,
falco_peregrinus,776245,Falco peregrinus,/Users/justyna-przy/Projects/ISE/FYP/src/dataset/bird_data/raw/falco_peregrinus/XC776245.mp3,4.0,7.0,-26.635494552612858,-27.06212891152996,species,Falco peregrinus,Peregrine Falcon,0.8719709515571594,0.8719709515571594,species,1,rand_species,/Users/justyna-przy/Projects/ISE/FYP/src/dataset/bird_data/clips/species/falco_peregrinus/XC776245__s4000__e7000.wav,
falco_peregrinus,1011337,Falco peregrinus,/Users/justyna-przy/Projects/ISE/FYP/src/dataset/bird_data/raw/falco_peregrinus/XC1011337.mp3,4.0,7.0,-34.40835912613858,-37.07886674515731,species,Falco peregrinus,Peregrine Falcon,0.9933493733406067,0.9933493733406067,species,1,rand_species,/Users/justyna-przy/Projects/ISE/FYP/src/dataset/bird_data/clips/species/falco_peregrinus/XC1011337__s4000__e7000.wav,
falco_peregrinus,1011337,Falco peregrinus,/Users/justyna-przy/Projects/ISE/FYP/src/dataset/bird_data/raw/falco_peregrinus/XC1011337.mp3,7.0,10.0,-36.826790317694666,-37.07886674515731,species,Falco peregrinus,Peregrine Falcon,0.9682742357254028,0.9682742357254028,species,1,rand_species,/Users/justyna-przy/Projects/ISE/FYP/src/dataset/bird_data/clips/species/falco_peregrinus/XC1011337__s7000__e10000.wav,
falco_peregrinus,1011337,Falco peregrinus,/Users/justyna-przy/Projects/ISE/FYP/src/dataset/bird_data/raw/falco_peregrinus/XC1011337.mp3,10.0,13.0,-36.64381335605631,-37.07886674515731,non_bird,,,0.0,0.0,non_bird,1,nonbird_lowconf,/Users/justyna-przy/Projects/ISE/FYP/src/dataset/bird_data/clips/non_bird/falco_peregrinus/XC1011337__s10000__e13000.wav,
falco_peregrinus,1011337,Falco peregrinus,/Users/justyna-przy/Projects/ISE/FYP/src/dataset/bird_data/raw/falco_peregrinus/XC1011337.mp3,16.0,19.0,-36.68397785153387,-37.07886674515731,species,Falco peregrinus,Peregrine Falcon,0.9289884567260742,0.9289884567260742,species,1,rand_species,/Users/justyna-przy/Projects/ISE/FYP/src/dataset/bird_data/clips/species/falco_peregrinus/XC1011337__s16000__e19000.wav,
falco_peregrinus,1011337,Falco peregrinus,/Users/justyna-przy/Projects/ISE/FYP/src/dataset/bird_data/raw/falco_peregrinus/XC1011337.mp3,19.0,22.0,-34.31510596908473,-37.07886674515731,drop,Curruca communis,Greater Whitethroat,0.9933898448944092,0.9933898448944092,drop,0,,,
falco_peregrinus,593401,Falco peregrinus,/Users/justyna-przy/Projects/ISE/FYP/src/dataset/bird_data/raw/falco_peregrinus/XC593401.mp3,6.0,9.0,-17.94929795514597,-23.593745409889458,species,Falco peregrinus,Peregrine Falcon,0.9713786244392395,0.9713786244392395,species,1,rand_species,/Users/justyna-przy/Projects/ISE/FYP/src/dataset/bird_data/clips/species/falco_peregrinus/XC593401__s6000__e9000.wav,
falco_peregrinus,593401,Falco peregrinus,/Users/justyna-przy/Projects/ISE/FYP/src/dataset/bird_data/raw/falco_peregrinus/XC593401.mp3,9.0,12.0,-20.694763109139544,-23.593745409889458,species,Falco peregrinus,Peregrine Falcon,0.9891897439956665,0.9891897439956665,species,0,,,
falco_peregrinus,593401,Falco peregrinus,/Users/justyna-przy/Projects/ISE/FYP/src/dataset/bird_data/raw/falco_peregrinus/XC593401.mp3,12.0,15.0,-21.198480946409394,-23.593745409889458,species,Falco peregrinus,Peregrine Falcon,0.9961269497871399,0.9961269497871399,species,1,rand_species,/Users/justyna-przy/Projects/ISE/FYP/src/dataset/bird_data/clips/species/falco_peregrinus/XC593401__s12000__e15000.wav,
falco_peregrinus,593401,Falco peregrinus,/Users/justyna-przy/Projects/ISE/FYP/src/dataset/bird_data/raw/falco_peregrinus/XC593401.mp3,15.0,18.0,-22.61401269541804,-23.593745409889458,species,Falco peregrinus,Peregrine Falcon,0.9491018056869507,0.9491018056869507,species,0,,,
falco_peregrinus,593401,Falco peregrinus,/Users/justyna-przy/Projects/ISE/FYP/src/dataset/bird_data/raw/falco_peregrinus/XC593401.mp3,27.0,30.0,-23.167419021733856,-23.593745409889458,species,Falco peregrinus,Peregrine Falcon,0.9891685247421265,0.9891685247421265,species,1,rand_species,/Users/justyna-przy/Projects/ISE/FYP/src/dataset/bird_data/clips/species/falco_peregrinus/XC593401__s27000__e30000.wav,
falco_peregrinus,593401,Falco peregrinus,/Users/justyna-przy/Projects/ISE/FYP/src/dataset/bird_data/raw/falco_peregrinus/XC593401.mp3,30.0,33.0,-23.407038371972085,-23.593745409889458,species,Falco peregrinus,Peregrine Falcon,0.8705406188964844,0.8705406188964844,species,0,,,
falco_peregrinus,1013451,Falco peregrinus,/Users/justyna-przy/Projects/ISE/FYP/src/dataset/bird_data/raw/falco_peregrinus/XC1013451.mp3,4.0,7.0,-35.04726021352787,-35.63638339709596,species,Falco peregrinus,Peregrine Falcon,0.999921441078186,0.999921441078186,species,1,rand_species,/Users/justyna-przy/Projects/ISE/FYP/src/dataset/bird_data/clips/species/falco_peregrinus/XC1013451__s4000__e7000.wav,
falco_peregrinus,1013451,Falco peregrinus,/Users/justyna-przy/Projects/ISE/FYP/src/dataset/bird_data/raw/falco_peregrinus/XC1013451.mp3,7.0,10.0,-33.74980814764485,-35.63638339709596,species,Falco peregrinus,Peregrine Falcon,0.9998887777328491,0.9998887777328491,species,0,,,
falco_peregrinus,1013451,Falco peregrinus,/Users/justyna-przy/Projects/ISE/FYP/src/dataset/bird_data/raw/falco_peregrinus/XC1013451.mp3,10.0,13.0,-33.18461903288629,-35.63638339709596,species,Falco peregrinus,Peregrine Falcon,0.9977397918701172,0.9977397918701172,species,1,rand_species,/Users/justyna-przy/Projects/ISE/FYP/src/dataset/bird_data/clips/species/falco_peregrinus/XC1013451__s10000__e13000.wav,
falco_peregrinus,1013451,Falco peregrinus,/Users/justyna-przy/Projects/ISE/FYP/src/dataset/bird_data/raw/falco_peregrinus/XC1013451.mp3,16.0,19.0,-31.42980922962954,-35.63638339709596,species,Falco peregrinus,Peregrine Falcon,0.9989456534385681,0.9989456534385681,species,1,rand_species,/Users/justyna-przy/Projects/ISE/FYP/src/dataset/bird_data/clips/species/falco_peregrinus/XC1013451__s16000__e19000.wav,
falco_peregrinus,1013451,Falco peregrinus,/Users/justyna-przy/Projects/ISE/FYP/src/dataset/bird_data/raw/falco_peregrinus/XC1013451.mp3,19.0,22.0,-35.57851261042574,-35.63638339709596,drop,Chlidonias niger,Black Tern,0.12512803077697754,0.12512803077697754,drop,0,,,
falco_peregrinus,744531,Falco peregrinus,/Users/justyna-przy/Projects/ISE/FYP/src/dataset/bird_data/raw/falco_peregrinus/XC744531.mp3,10.0,13.0,-38.939429475365706,-40.0,species,Falco peregrinus,Peregrine Falcon,0.9988516569137573,0.9988516569137573,species,1,rand_species,/Users/justyna-przy/Projects/ISE/FYP/src/dataset/bird_data/clips/species/falco_peregrinus/XC744531__s10000__e13000.wav,
falco_peregrinus,744531,Falco peregrinus,/Users/justyna-przy/Projects/ISE/FYP/src/dataset/bird_data/raw/falco_peregrinus/XC744531.mp3,13.0,16.0,-39.40259348602772,-40.0,species,Falco peregrinus,Peregrine Falcon,0.9985203146934509,0.9985203146934509,species,1,rand_species,/Users/justyna-przy/Projects/ISE/FYP/src/dataset/bird_data/clips/species/falco_peregrinus/XC744531__s13000__e16000.wav,
falco_peregrinus,929744,Falco peregrinus,/Users/justyna-przy/Projects/ISE/FYP/src/dataset/bird_data/raw/falco_peregrinus/XC929744.mp3,7.0,10.0,-47.04679111912388,-40.0,species,Falco peregrinus,Peregrine Falcon,0.9587576389312744,0.9587576389312744,species,1,rand_species,/Users/justyna-przy/Projects/ISE/FYP/src/dataset/bird_data/clips/species/falco_peregrinus/XC929744__s7000__e10000.wav,
falco_peregrinus,1055457,Falco peregrinus,/Users/justyna-przy/Projects/ISE/FYP/src/dataset/bird_data/raw/falco_peregrinus/XC1055457.mp3,1.0,4.0,-30.766645191010042,-39.58081809352409,drop,Thalasseus maximus,Royal Tern,0.48346835374832153,0.48346835374832153,drop,0,,,
falco_peregrinus,1055457,Falco peregrinus,/Users/justyna-przy/Projects/ISE/FYP/src/dataset/bird_data/raw/falco_peregrinus/XC1055457.mp3,4.0,7.0,-20.62956079030559,-39.58081809352409,species,Falco peregrinus,Peregrine Falcon,0.9875972867012024,0.9875972867012024,species,1,rand_species,/Users/justyna-przy/Projects/ISE/FYP/src/dataset/bird_data/clips/species/falco_peregrinus/XC1055457__s4000__e7000.wav,
falco_peregrinus,1055457,Falco peregrinus,/Users/justyna-przy/Projects/ISE/FYP/src/dataset/bird_data/raw/falco_peregrinus/XC1055457.mp3,7.0,10.0,-37.16635375284718,-39.58081809352409,species,Falco peregrinus,Peregrine Falcon,0.9016822576522827,0.9016822576522827,species,1,rand_species,/Users/justyna-przy/Projects/ISE/FYP/src/dataset/bird_data/clips/species/falco_peregrinus/XC1055457__s7000__e10000.wav,
falco_peregrinus,1055457,Falco peregrinus,/Users/justyna-przy/Projects/ISE/FYP/src/dataset/bird_data/raw/falco_peregrinus/XC1055457.mp3,10.0,13.0,-37.08574145569457,-39.58081809352409,species,Falco peregrinus,Peregrine Falcon,0.6549871563911438,0.6549871563911438,species,1,rand_species,/Users/justyna-przy/Projects/ISE/FYP/src/dataset/bird_data/clips/species/falco_peregrinus/XC1055457__s10000__e13000.wav,
falco_peregrinus,1013404,Falco peregrinus,/Users/justyna-przy/Projects/ISE/FYP/src/dataset/bird_data/raw/falco_peregrinus/XC1013404.mp3,4.0,7.0,-42.05939798780497,-40.0,species,Falco peregrinus,Peregrine Falcon,0.9952186942100525,0.9952186942100525,species,1,rand_species,/Users/justyna-przy/Projects/ISE/FYP/src/dataset/bird_data/clips/species/falco_peregrinus/XC1013404__s4000__e7000.wav,
falco_peregrinus,347555,Falco peregrinus,/Users/justyna-przy/Projects/ISE/FYP/src/dataset/bird_data/raw/falco_peregrinus/XC347555.mp3,1.0,4.0,-39.14159871190425,-40.0,drop,Circus aeruginosus,Eurasian Marsh-Harrier,0.8777469992637634,0.8777469992637634,drop,0,,,
falco_peregrinus,347555,Falco peregrinus,/Users/justyna-przy/Projects/ISE/FYP/src/dataset/bird_data/raw/falco_peregrinus/XC347555.mp3,4.0,7.0,-29.50891008029184,-40.0,drop,Buteo buteo,Common Buzzard,0.7978054285049438,0.7978054285049438,drop,0,,,
falco_peregrinus,347555,Falco peregrinus,/Users/justyna-przy/Projects/ISE/FYP/src/dataset/bird_data/raw/falco_peregrinus/XC347555.mp3,7.0,10.0,-33.26862239082993,-40.0,drop,Buteo buteo,Common Buzzard,0.7419430613517761,0.7419430613517761,drop,0,,,
falco_peregrinus,347555,Falco peregrinus,/Users/justyna-przy/Projects/ISE/FYP/src/dataset/bird_data/raw/falco_peregrinus/XC347555.mp3,10.0,13.0,-27.17562404632431,-40.0,drop,Buteo buteo,Common Buzzard,0.8297089338302612,0.8297089338302612,drop,0,,,
falco_peregrinus,347555,Falco peregrinus,/Users/justyna-przy/Projects/ISE/FYP/src/dataset/bird_data/raw/falco_peregrinus/XC347555.mp3,13.0,16.0,-29.25357414829309,-40.0,drop,Buteo buteo,Common Buzzard,0.5247136354446411,0.5247136354446411,drop,0,,,
falco_peregrinus,1073395,Falco peregrinus,/Users/justyna-przy/Projects/ISE/FYP/src/dataset/bird_data/raw/falco_peregrinus/XC1073395.mp3,1.0,4.0,-28.20505002921759,-29.56991020026924,species,Falco peregrinus,Peregrine Falcon,0.9991775155067444,0.9991775155067444,species,0,,,
falco_peregrinus,1073395,Falco peregrinus,/Users/justyna-przy/Projects/ISE/FYP/src/dataset/bird_data/raw/falco_peregrinus/XC1073395.mp3,4.0,7.0,-28.699806319065836,-29.56991020026924,species,Falco peregrinus,Peregrine Falcon,0.913673460483551,0.913673460483551,species,1,rand_species,/Users/justyna-przy/Projects/ISE/FYP/src/dataset/bird_data/clips/species/falco_peregrinus/XC1073395__s4000__e7000.wav,
falco_peregrinus,1073395,Falco peregrinus,/Users/justyna-przy/Projects/ISE/FYP/src/dataset/bird_data/raw/falco_peregrinus/XC1073395.mp3,7.0,10.0,-27.388231554018347,-29.56991020026924,drop,Falco peregrinus,Peregrine Falcon,0.2980189323425293,0.2980189323425293,drop,0,,,
falco_peregrinus,1073395,Falco peregrinus,/Users/justyna-przy/Projects/ISE/FYP/src/dataset/bird_data/raw/falco_peregrinus/XC1073395.mp3,10.0,13.0,-22.33081432202729,-29.56991020026924,species,Falco peregrinus,Peregrine Falcon,0.558128833770752,0.558128833770752,species,1,rand_species,/Users/justyna-przy/Projects/ISE/FYP/src/dataset/bird_data/clips/species/falco_peregrinus/XC1073395__s10000__e13000.wav,
falco_peregrinus,1073395,Falco peregrinus,/Users/justyna-przy/Projects/ISE/FYP/src/dataset/bird_data/raw/falco_peregrinus/XC1073395.mp3,13.0,16.0,-26.62631648739665,-29.56991020026924,species,Falco peregrinus,Peregrine Falcon,0.9984954595565796,0.9984954595565796,species,1,rand_species,/Users/justyna-przy/Projects/ISE/FYP/src/dataset/bird_data/clips/species/falco_peregrinus/XC1073395__s13000__e16000.wav,
falco_peregrinus,585772,Falco peregrinus,/Users/justyna-przy/Projects/ISE/FYP/src/dataset/bird_data/raw/falco_peregrinus/XC585772.mp3,11.0,14.0,-27.204134005222137,-30.276025321910502,species,Falco peregrinus,Peregrine Falcon,0.9772447347640991,0.9772447347640991,species,1,rand_species,/Users/justyna-przy/Projects/ISE/FYP/src/dataset/bird_data/clips/species/falco_peregrinus/XC585772__s11000__e14000.wav,
falco_peregrinus,585772,Falco peregrinus,/Users/justyna-przy/Projects/ISE/FYP/src/dataset/bird_data/raw/falco_peregrinus/XC585772.mp3,14.0,17.0,-28.88690207182353,-30.276025321910502,species,Falco peregrinus,Peregrine Falcon,0.9960417747497559,0.9960417747497559,species,1,rand_species,/Users/justyna-przy/Projects/ISE/FYP/src/dataset/bird_data/clips/species/falco_peregrinus/XC585772__s14000__e17000.wav,
falco_peregrinus,585772,Falco peregrinus,/Users/justyna-przy/Projects/ISE/FYP/src/dataset/bird_data/raw/falco_peregrinus/XC585772.mp3,20.0,23.0,-28.13559026621139,-30.276025321910502,species,Falco peregrinus,Peregrine Falcon,0.9987872242927551,0.9987872242927551,species,0,,,
falco_peregrinus,585772,Falco peregrinus,/Users/justyna-przy/Projects/ISE/FYP/src/dataset/bird_data/raw/falco_peregrinus/XC585772.mp3,26.0,29.0,-28.30321033666296,-30.276025321910502,species,Falco peregrinus,Peregrine Falcon,0.9988521337509155,0.9988521337509155,species,1,rand_species,/Users/justyna-przy/Projects/ISE/FYP/src/dataset/bird_data/clips/species/falco_peregrinus/XC585772__s26000__e29000.wav,
falco_peregrinus,585772,Falco peregrinus,/Users/justyna-przy/Projects/ISE/FYP/src/dataset/bird_data/raw/falco_peregrinus/XC585772.mp3,32.0,35.0,-30.181889045750907,-30.276025321910502,species,Falco peregrinus,Peregrine Falcon,0.9124922752380371,0.9124922752380371,species,0,,,
falco_peregrinus,585772,Falco peregrinus,/Users/justyna-przy/Projects/ISE/FYP/src/dataset/bird_data/raw/falco_peregrinus/XC585772.mp3,35.0,38.0,-21.657570641146258,-30.276025321910502,species,Falco peregrinus,Peregrine Falcon,0.9949123859405518,0.9949123859405518,species,0,,,
falco_peregrinus,593386,Falco peregrinus,/Users/justyna-przy/Projects/ISE/FYP/src/dataset/bird_data/raw/falco_peregrinus/XC593386.mp3,1.0,4.0,-28.79193954718627,-37.721452449036924,species,Falco peregrinus,Peregrine Falcon,0.9949021339416504,0.9949021339416504,species,0,,,
falco_peregrinus,593386,Falco peregrinus,/Users/justyna-przy/Projects/ISE/FYP/src/dataset/bird_data/raw/falco_peregrinus/XC593386.mp3,4.0,7.0,-25.520806300183636,-37.721452449036924,species,Falco peregrinus,Peregrine Falcon,0.927699863910675,0.927699863910675,species,0,,,
falco_peregrinus,593386,Falco peregrinus,/Users/justyna-przy/Projects/ISE/FYP/src/dataset/bird_data/raw/falco_peregrinus/XC593386.mp3,7.0,10.0,-25.530037963995646,-37.721452449036924,species,Falco peregrinus,Peregrine Falcon,0.9774019718170166,0.9774019718170166,species,1,rand_species,/Users/justyna-przy/Projects/ISE/FYP/src/dataset/bird_data/clips/species/falco_peregrinus/XC593386__s7000__e10000.wav,
falco_peregrinus,593386,Falco peregrinus,/Users/justyna-przy/Projects/ISE/FYP/src/dataset/bird_data/raw/falco_peregrinus/XC593386.mp3,10.0,13.0,-28.238142113814796,-37.721452449036924,species,Falco peregrinus,Peregrine Falcon,0.7580800652503967,0.7580800652503967,species,1,rand_species,/Users/justyna-przy/Projects/ISE/FYP/src/dataset/bird_data/clips/species/falco_peregrinus/XC593386__s10000__e13000.wav,
falco_peregrinus,593386,Falco peregrinus,/Users/justyna-przy/Projects/ISE/FYP/src/dataset/bird_data/raw/falco_peregrinus/XC593386.mp3,16.0,19.0,-31.58110734013799,-37.721452449036924,species,Falco peregrinus,Peregrine Falcon,0.511157751083374,0.511157751083374,species,0,,,
falco_peregrinus,593386,Falco peregrinus,/Users/justyna-przy/Projects/ISE/FYP/src/dataset/bird_data/raw/falco_peregrinus/XC593386.mp3,19.0,22.0,-30.78290155743698,-37.721452449036924,species,Falco peregrinus,Peregrine Falcon,0.3995395302772522,0.3995395302772522,species,1,rand_species,/Users/justyna-przy/Projects/ISE/FYP/src/dataset/bird_data/clips/species/falco_peregrinus/XC593386__s19000__e22000.wav,
falco_peregrinus,593384,Falco peregrinus,/Users/justyna-przy/Projects/ISE/FYP/src/dataset/bird_data/raw/falco_peregrinus/XC593384.mp3,1.0,4.0,-25.7016813256477,-30.06889643657281,species,Falco peregrinus,Peregrine Falcon,0.9034261107444763,0.9034261107444763,species,1,rand_species,/Users/justyna-przy/Projects/ISE/FYP/src/dataset/bird_data/clips/species/falco_peregrinus/XC593384__s1000__e4000.wav,
falco_peregrinus,593384,Falco peregrinus,/Users/justyna-przy/Projects/ISE/FYP/src/dataset/bird_data/raw/falco_peregrinus/XC593384.mp3,4.0,7.0,-24.766146597975983,-30.06889643657281,species,Falco peregrinus,Peregrine Falcon,0.9342496395111084,0.9342496395111084,species,0,,,
falco_peregrinus,593384,Falco peregrinus,/Users/justyna-przy/Projects/ISE/FYP/src/dataset/bird_data/raw/falco_peregrinus/XC593384.mp3,7.0,10.0,-28.004071336738594,-30.06889643657281,drop,Falco peregrinus,Peregrine Falcon,0.2619350850582123,0.2619350850582123,drop,0,,,
falco_peregrinus,593384,Falco peregrinus,/Users/justyna-przy/Projects/ISE/FYP/src/dataset/bird_data/raw/falco_peregrinus/XC593384.mp3,10.0,13.0,-29.806269952213462,-30.06889643657281,species,Falco peregrinus,Peregrine Falcon,0.6640704870223999,0.6640704870223999,species,1,rand_species,/Users/justyna-przy/Projects/ISE/FYP/src/dataset/bird_data/clips/species/falco_peregrinus/XC593384__s10000__e13000.wav,
falco_peregrinus,593384,Falco peregrinus,/Users/justyna-przy/Projects/ISE/FYP/src/dataset/bird_data/raw/falco_peregrinus/XC593384.mp3,16.0,19.0,-29.386803765500705,-30.06889643657281,species,Falco peregrinus,Peregrine Falcon,0.9867720007896423,0.9867720007896423,species,0,,,
falco_peregrinus,593384,Falco peregrinus,/Users/justyna-przy/Projects/ISE/FYP/src/dataset/bird_data/raw/falco_peregrinus/XC593384.mp3,22.0,25.0,-27.278182035331128,-30.06889643657281,species,Falco peregrinus,Peregrine Falcon,0.9939508438110352,0.9939508438110352,species,1,rand_species,/Users/justyna-przy/Projects/ISE/FYP/src/dataset/bird_data/clips/species/falco_peregrinus/XC593384__s22000__e25000.wav,
falco_peregrinus,1002273,Falco peregrinus,/Users/justyna-przy/Projects/ISE/FYP/src/dataset/bird_data/raw/falco_peregrinus/XC1002273.mp3,7.0,10.0,-38.191651584400574,-40.0,drop,Riparia riparia,Bank Swallow,0.15837885439395905,0.15837885439395905,drop,0,,,
falco_peregrinus,593395,Falco peregrinus,/Users/justyna-przy/Projects/ISE/FYP/src/dataset/bird_data/raw/falco_peregrinus/XC593395.mp3,1.0,4.0,-33.11773988812134,-33.866550160755324,species,Falco peregrinus,Peregrine Falcon,0.8084942698478699,0.8084942698478699,species,0,,,
falco_peregrinus,593395,Falco peregrinus,/Users/justyna-przy/Projects/ISE/FYP/src/dataset/bird_data/raw/falco_peregrinus/XC593395.mp3,10.0,13.0,-26.12708919949329,-33.866550160755324,species,Falco peregrinus,Peregrine Falcon,0.9776860475540161,0.9776860475540161,species,1,rand_species,/Users/justyna-przy/Projects/ISE/FYP/src/dataset/bird_data/clips/species/falco_peregrinus/XC593395__s10000__e13000.wav,
falco_peregrinus,593395,Falco peregrinus,/Users/justyna-przy/Projects/ISE/FYP/src/dataset/bird_data/raw/falco_peregrinus/XC593395.mp3,13.0,16.0,-24.992682179955565,-33.866550160755324,species,Falco peregrinus,Peregrine Falcon,0.9390337467193604,0.9390337467193604,species,0,,,
falco_peregrinus,593395,Falco peregrinus,/Users/justyna-przy/Projects/ISE/FYP/src/dataset/bird_data/raw/falco_peregrinus/XC593395.mp3,16.0,19.0,-23.159329125803637,-33.866550160755324,species,Falco peregrinus,Peregrine Falcon,0.925151526927948,0.925151526927948,species,1,rand_species,/Users/justyna-przy/Projects/ISE/FYP/src/dataset/bird_data/clips/species/falco_peregrinus/XC593395__s16000__e19000.wav,
falco_peregrinus,593395,Falco peregrinus,/Users/justyna-przy/Projects/ISE/FYP/src/dataset/bird_data/raw/falco_peregrinus/XC593395.mp3,19.0,22.0,-23.938358583329315,-33.866550160755324,species,Falco peregrinus,Peregrine Falcon,0.7593954801559448,0.7593954801559448,species,1,rand_species,/Users/justyna-przy/Projects/ISE/FYP/src/dataset/bird_data/clips/species/falco_peregrinus/XC593395__s19000__e22000.wav,
falco_peregrinus,1013450,Falco peregrinus,/Users/justyna-przy/Projects/ISE/FYP/src/dataset/bird_data/raw/falco_peregrinus/XC1013450.mp3,,,,,,,,,,drop,0,,,no_windows
falco_peregrinus,744530,Falco peregrinus,/Users/justyna-przy/Projects/ISE/FYP/src/dataset/bird_data/raw/falco_peregrinus/XC744530.mp3,10.0,13.0,-38.939429475365706,-40.0,species,Falco peregrinus,Peregrine Falcon,0.9988516569137573,0.9988516569137573,species,1,rand_species,/Users/justyna-przy/Projects/ISE/FYP/src/dataset/bird_data/clips/species/falco_peregrinus/XC744530__s10000__e13000.wav,
falco_peregrinus,744530,Falco peregrinus,/Users/justyna-przy/Projects/ISE/FYP/src/dataset/bird_data/raw/falco_peregrinus/XC744530.mp3,13.0,16.0,-39.40259348602772,-40.0,species,Falco peregrinus,Peregrine Falcon,0.9985203146934509,0.9985203146934509,species,1,rand_species,/Users/justyna-przy/Projects/ISE/FYP/src/dataset/bird_data/clips/species/falco_peregrinus/XC744530__s13000__e16000.wav,
falco_peregrinus,748303,Falco peregrinus,/Users/justyna-przy/Projects/ISE/FYP/src/dataset/bird_data/raw/falco_peregrinus/XC748303.mp3,10.0,13.0,-38.939429475365706,-40.0,species,Falco peregrinus,Peregrine Falcon,0.9988516569137573,0.9988516569137573,species,1,rand_species,/Users/justyna-przy/Projects/ISE/FYP/src/dataset/bird_data/clips/species/falco_peregrinus/XC748303__s10000__e13000.wav,
falco_peregrinus,748303,Falco peregrinus,/Users/justyna-przy/Projects/ISE/FYP/src/dataset/bird_data/raw/falco_peregrinus/XC748303.mp3,13.0,16.0,-39.40259348602772,-40.0,species,Falco peregrinus,Peregrine Falcon,0.9985203146934509,0.9985203146934509,species,1,rand_species,/Users/justyna-przy/Projects/ISE/FYP/src/dataset/bird_data/clips/species/falco_peregrinus/XC748303__s13000__e16000.wav,
falco_peregrinus,959071,Falco peregrinus,/Users/justyna-przy/Projects/ISE/FYP/src/dataset/bird_data/raw/falco_peregrinus/XC959071.mp3,40.0,43.0,-40.17918616109704,-40.0,species,Falco peregrinus,Peregrine Falcon,0.9996823072433472,0.9996823072433472,species,1,rand_species,/Users/justyna-przy/Projects/ISE/FYP/src/dataset/bird_data/clips/species/falco_peregrinus/XC959071__s40000__e43000.wav,
falco_peregrinus,1059390,Falco peregrinus,/Users/justyna-przy/Projects/ISE/FYP/src/dataset/bird_data/raw/falco_peregrinus/XC1059390.mp3,1.0,4.0,-28.19685840232692,-35.87410071608677,drop,Corvus corone,Carrion Crow,0.43417373299598694,0.43417373299598694,drop,0,,,
falco_peregrinus,1059390,Falco peregrinus,/Users/justyna-przy/Projects/ISE/FYP/src/dataset/bird_data/raw/falco_peregrinus/XC1059390.mp3,4.0,7.0,-29.352369244346548,-35.87410071608677,species,Falco peregrinus,Peregrine Falcon,0.9957448840141296,0.9957448840141296,species,1,rand_species,/Users/justyna-przy/Projects/ISE/FYP/src/dataset/bird_data/clips/species/falco_peregrinus/XC1059390__s4000__e7000.wav,
falco_peregrinus,1059390,Falco peregrinus,/Users/justyna-przy/Projects/ISE/FYP/src/dataset/bird_data/raw/falco_peregrinus/XC1059390.mp3,10.0,13.0,-35.63432968287231,-35.87410071608677,non_bird,,,0.0,0.0,non_bird,1,nonbird_lowconf,/Users/justyna-przy/Projects/ISE/FYP/src/dataset/bird_data/clips/non_bird/falco_peregrinus/XC1059390__s10000__e13000.wav,
falco_peregrinus,1059390,Falco peregrinus,/Users/justyna-przy/Projects/ISE/FYP/src/dataset/bird_data/raw/falco_peregrinus/XC1059390.mp3,13.0,16.0,-32.583200416364065,-35.87410071608677,non_bird,,,0.0,0.0,non_bird,1,nonbird_lowconf,/Users/justyna-przy/Projects/ISE/FYP/src/dataset/bird_data/clips/non_bird/falco_peregrinus/XC1059390__s13000__e16000.wav,
falco_peregrinus,984473,Falco peregrinus,/Users/justyna-przy/Projects/ISE/FYP/src/dataset/bird_data/raw/falco_peregrinus/XC984473.mp3,1.0,4.0,-34.47095068709966,-34.52850213526721,species,Falco peregrinus,Peregrine Falcon,0.8985196948051453,0.8985196948051453,species,1,rand_species,/Users/justyna-przy/Projects/ISE/FYP/src/dataset/bird_data/clips/species/falco_peregrinus/XC984473__s1000__e4000.wav,
falco_peregrinus,753322,Falco peregrinus,/Users/justyna-przy/Projects/ISE/FYP/src/dataset/bird_data/raw/falco_peregrinus/XC753322.mp3,26.0,29.0,-31.86469999670186,-32.684990833156874,drop,Larus michahellis,Yellow-legged Gull,0.7250028252601624,0.7250028252601624,drop,0,,,
falco_peregrinus,753322,Falco peregrinus,/Users/justyna-przy/Projects/ISE/FYP/src/dataset/bird_data/raw/falco_peregrinus/XC753322.mp3,29.0,32.0,-31.89018759495829,-32.684990833156874,drop,Larus michahellis,Yellow-legged Gull,0.8328584432601929,0.8328584432601929,drop,0,,,
falco_peregrinus,753322,Falco peregrinus,/Users/justyna-przy/Projects/ISE/FYP/src/dataset/bird_data/raw/falco_peregrinus/XC753322.mp3,38.0,41.0,-30.458645629439083,-32.684990833156874,drop,Larus michahellis,Yellow-legged Gull,0.9198557734489441,0.9198557734489441,drop,0,,,
falco_peregrinus,753322,Falco peregrinus,/Users/justyna-przy/Projects/ISE/FYP/src/dataset/bird_data/raw/falco_peregrinus/XC753322.mp3,41.0,44.0,-31.64795893364591,-32.684990833156874,drop,Larus michahellis,Yellow-legged Gull,0.7978624701499939,0.7978624701499939,drop,0,,,
falco_peregrinus,753322,Falco peregrinus,/Users/justyna-przy/Projects/ISE/FYP/src/dataset/bird_data/raw/falco_peregrinus/XC753322.mp3,44.0,47.0,-25.93875398915907,-32.684990833156874,drop,Larus michahellis,Yellow-legged Gull,0.7507054805755615,0.7507054805755615,drop,0,,,
falco_peregrinus,753322,Falco peregrinus,/Users/justyna-przy/Projects/ISE/FYP/src/dataset/bird_data/raw/falco_peregrinus/XC753322.mp3,50.0,53.0,-21.299625328233383,-32.684990833156874,drop,Larus michahellis,Yellow-legged Gull,0.9437820911407471,0.9437820911407471,drop,0,,,
falco_peregrinus,1013417,Falco peregrinus,/Users/justyna-przy/Projects/ISE/FYP/src/dataset/bird_data/raw/falco_peregrinus/XC1013417.mp3,1.0,4.0,-55.168864601890995,-40.0,drop,Calidris pugnax,Ruff,0.10470516234636307,0.10470516234636307,drop,0,,,
falco_peregrinus,463087,Falco peregrinus,/Users/justyna-przy/Projects/ISE/FYP/src/dataset/bird_data/raw/falco_peregrinus/XC463087.mp3,4.0,7.0,-30.872109723095903,-31.854293703783796,species,Falco peregrinus,Peregrine Falcon,0.9880321025848389,0.9880321025848389,species,1,rand_species,/Users/justyna-przy/Projects/ISE/FYP/src/dataset/bird_data/clips/species/falco_peregrinus/XC463087__s4000__e7000.wav,
falco_peregrinus,463087,Falco peregrinus,/Users/justyna-przy/Projects/ISE/FYP/src/dataset/bird_data/raw/falco_peregrinus/XC463087.mp3,10.0,13.0,-31.651871851480948,-31.854293703783796,species,Falco peregrinus,Peregrine Falcon,0.9997267127037048,0.9997267127037048,species,1,rand_species,/Users/justyna-przy/Projects/ISE/FYP/src/dataset/bird_data/clips/species/falco_peregrinus/XC463087__s10000__e13000.wav,
falco_peregrinus,463087,Falco peregrinus,/Users/justyna-przy/Projects/ISE/FYP/src/dataset/bird_data/raw/falco_peregrinus/XC463087.mp3,13.0,16.0,-31.527650881538094,-31.854293703783796,species,Falco peregrinus,Peregrine Falcon,0.9999673366546631,0.9999673366546631,species,1,rand_species,/Users/justyna-przy/Projects/ISE/FYP/src/dataset/bird_data/clips/species/falco_peregrinus/XC463087__s13000__e16000.wav,
falco_peregrinus,373769,Falco peregrinus,/Users/justyna-przy/Projects/ISE/FYP/src/dataset/bird_data/raw/falco_peregrinus/XC373769.mp3,1.0,4.0,-16.207970405983346,-26.816399208103846,drop,Troglodytes troglodytes,Eurasian Wren,0.26627975702285767,0.26627975702285767,drop,0,,,
falco_peregrinus,373769,Falco peregrinus,/Users/justyna-przy/Projects/ISE/FYP/src/dataset/bird_data/raw/falco_peregrinus/XC373769.mp3,4.0,7.0,-15.518193023639402,-26.816399208103846,drop,Engine,Engine,0.7676352858543396,0.7676352858543396,drop,0,,,
falco_peregrinus,373769,Falco peregrinus,/Users/justyna-przy/Projects/ISE/FYP/src/dataset/bird_data/raw/falco_peregrinus/XC373769.mp3,7.0,10.0,-16.967148032157663,-26.816399208103846,species,Falco peregrinus,Peregrine Falcon,0.9584983587265015,0.9584983587265015,species,0,,,
falco_peregrinus,373769,Falco peregrinus,/Users/justyna-przy/Projects/ISE/FYP/src/dataset/bird_data/raw/falco_peregrinus/XC373769.mp3,10.0,13.0,-24.315530432797413,-26.816399208103846,species,Falco peregrinus,Peregrine Falcon,0.38464948534965515,0.38464948534965515,species,1,rand_species,/Users/justyna-przy/Projects/ISE/FYP/src/dataset/bird_data/clips/species/falco_peregrinus/XC373769__s10000__e13000.wav,
falco_peregrinus,373769,Falco peregrinus,/Users/justyna-przy/Projects/ISE/FYP/src/dataset/bird_data/raw/falco_peregrinus/XC373769.mp3,19.0,22.0,-26.141427456501063,-26.816399208103846,species,Falco peregrinus,Peregrine Falcon,0.9616865515708923,0.9616865515708923,species,1,rand_species,/Users/justyna-przy/Projects/ISE/FYP/src/dataset/bird_data/clips/species/falco_peregrinus/XC373769__s19000__e22000.wav,
falco_peregrinus,373769,Falco peregrinus,/Users/justyna-przy/Projects/ISE/FYP/src/dataset/bird_data/raw/falco_peregrinus/XC373769.mp3,22.0,25.0,-26.09972359136669,-26.816399208103846,species,Falco peregrinus,Peregrine Falcon,0.9702403545379639,0.9702403545379639,species,1,rand_species,/Users/justyna-przy/Projects/ISE/FYP/src/dataset/bird_data/clips/species/falco_peregrinus/XC373769__s22000__e25000.wav,
falco_peregrinus,593388,Falco peregrinus,/Users/justyna-przy/Projects/ISE/FYP/src/dataset/bird_data/raw/falco_peregrinus/XC593388.mp3,4.0,7.0,-23.293298173656126,-26.251424877139165,species,Falco peregrinus,Peregrine Falcon,0.9998934268951416,0.9998934268951416,species,1,rand_species,/Users/justyna-przy/Projects/ISE/FYP/src/dataset/bird_data/clips/species/falco_peregrinus/XC593388__s4000__e7000.wav,
falco_peregrinus,593388,Falco peregrinus,/Users/justyna-przy/Projects/ISE/FYP/src/dataset/bird_data/raw/falco_peregrinus/XC593388.mp3,7.0,10.0,-24.61930560881777,-26.251424877139165,species,Falco peregrinus,Peregrine Falcon,0.9999724626541138,0.9999724626541138,species,1,rand_species,/Users/justyna-przy/Projects/ISE/FYP/src/dataset/bird_data/clips/species/falco_peregrinus/XC593388__s7000__e10000.wav,
falco_peregrinus,593388,Falco peregrinus,/Users/justyna-przy/Projects/ISE/FYP/src/dataset/bird_data/raw/falco_peregrinus/XC593388.mp3,10.0,13.0,-26.177035012592498,-26.251424877139165,species,Falco peregrinus,Peregrine Falcon,0.9999833106994629,0.9999833106994629,species,1,rand_species,/Users/justyna-przy/Projects/ISE/FYP/src/dataset/bird_data/clips/species/falco_peregrinus/XC593388__s10000__e13000.wav,
falco_peregrinus,929743,Falco peregrinus,/Users/justyna-przy/Projects/ISE/FYP/src/dataset/bird_data/raw/falco_peregrinus/XC929743.mp3,19.0,22.0,-62.27257031771912,-40.0,species,Falco peregrinus,Peregrine Falcon,0.9082317352294922,0.9082317352294922,species,1,rand_species,/Users/justyna-przy/Projects/ISE/FYP/src/dataset/bird_data/clips/species/falco_peregrinus/XC929743__s19000__e22000.wav,
falco_peregrinus,1013447,Falco peregrinus,/Users/justyna-przy/Projects/ISE/FYP/src/dataset/bird_data/raw/falco_peregrinus/XC1013447.mp3,1.0,4.0,-35.9667002894074,-36.77353922878301,species,Falco peregrinus,Peregrine Falcon,0.9936931133270264,0.9936931133270264,species,1,rand_species,/Users/justyna-przy/Projects/ISE/FYP/src/dataset/bird_data/clips/species/falco_peregrinus/XC1013447__s1000__e4000.wav,
falco_peregrinus,1013447,Falco peregrinus,/Users/justyna-przy/Projects/ISE/FYP/src/dataset/bird_data/raw/falco_peregrinus/XC1013447.mp3,4.0,7.0,-33.90902469597145,-36.77353922878301,species,Falco peregrinus,Peregrine Falcon,0.999990701675415,0.999990701675415,species,1,rand_species,/Users/justyna-przy/Projects/ISE/FYP/src/dataset/bird_data/clips/species/falco_peregrinus/XC1013447__s4000__e7000.wav,
falco_peregrinus,1013447,Falco peregrinus,/Users/justyna-przy/Projects/ISE/FYP/src/dataset/bird_data/raw/falco_peregrinus/XC1013447.mp3,7.0,10.0,-33.120825162538964,-36.77353922878301,species,Falco peregrinus,Peregrine Falcon,0.9999489784240723,0.9999489784240723,species,0,,,
falco_peregrinus,1013447,Falco peregrinus,/Users/justyna-przy/Projects/ISE/FYP/src/dataset/bird_data/raw/falco_peregrinus/XC1013447.mp3,10.0,13.0,-36.5695236249745,-36.77353922878301,species,Falco peregrinus,Peregrine Falcon,0.9972429275512695,0.9972429275512695,species,1,rand_species,/Users/justyna-przy/Projects/ISE/FYP/src/dataset/bird_data/clips/species/falco_peregrinus/XC1013447__s10000__e13000.wav,
falco_peregrinus,1013447,Falco peregrinus,/Users/justyna-przy/Projects/ISE/FYP/src/dataset/bird_data/raw/falco_peregrinus/XC1013447.mp3,16.0,19.0,-36.66987176879401,-36.77353922878301,species,Falco peregrinus,Peregrine Falcon,0.9992982149124146,0.9992982149124146,species,0,,,
falco_peregrinus,687436,Falco peregrinus,/Users/justyna-przy/Projects/ISE/FYP/src/dataset/bird_data/raw/falco_peregrinus/XC687436.mp3,1.0,4.0,-17.967770830320326,-21.76408836845314,drop,Vanellus indicus,Red-wattled Lapwing,0.5851165652275085,0.5851165652275085,drop,0,,,
falco_peregrinus,977608,Falco peregrinus,/Users/justyna-przy/Projects/ISE/FYP/src/dataset/bird_data/raw/falco_peregrinus/XC977608.mp3,1.0,4.0,-42.17548438780931,-40.0,species,Falco peregrinus,Peregrine Falcon,0.5915590524673462,0.5915590524673462,species,1,rand_species,/Users/justyna-przy/Projects/ISE/FYP/src/dataset/bird_data/clips/species/falco_peregrinus/XC977608__s1000__e4000.wav,
falco_peregrinus,942609,Falco peregrinus,/Users/justyna-przy/Projects/ISE/FYP/src/dataset/bird_data/raw/falco_peregrinus/XC942609.mp3,13.0,16.0,-40.45653318165086,-40.0,non_bird,,,0.0,0.0,non_bird,1,nonbird_lowconf,/Users/justyna-przy/Projects/ISE/FYP/src/dataset/bird_data/clips/non_bird/falco_peregrinus/XC942609__s13000__e16000.wav,
falco_peregrinus,1052542,Falco peregrinus,/Users/justyna-przy/Projects/ISE/FYP/src/dataset/bird_data/raw/falco_peregrinus/XC1052542.mp3,4.0,7.0,-18.21790052520226,-18.579814060205038,drop,Anas platyrhynchos,Mallard,0.524857759475708,0.524857759475708,drop,0,,,
falco_peregrinus,957961,Falco peregrinus,/Users/justyna-przy/Projects/ISE/FYP/src/dataset/bird_data/raw/falco_peregrinus/XC957961.mp3,1.0,4.0,-21.487897133001425,-31.514882387427996,non_bird,,,0.0,0.0,non_bird,1,nonbird_lowconf,/Users/justyna-przy/Projects/ISE/FYP/src/dataset/bird_data/clips/non_bird/falco_peregrinus/XC957961__s1000__e4000.wav,
falco_peregrinus,957961,Falco peregrinus,/Users/justyna-przy/Projects/ISE/FYP/src/dataset/bird_data/raw/falco_peregrinus/XC957961.mp3,4.0,7.0,-21.481239773307784,-31.514882387427996,non_bird,,,0.0,0.0,non_bird,1,nonbird_lowconf,/Users/justyna-przy/Projects/ISE/FYP/src/dataset/bird_data/clips/non_bird/falco_peregrinus/XC957961__s4000__e7000.wav,
falco_peregrinus,957961,Falco peregrinus,/Users/justyna-przy/Projects/ISE/FYP/src/dataset/bird_data/raw/falco_peregrinus/XC957961.mp3,7.0,10.0,-29.92037631736258,-31.514882387427996,drop,Grus grus,Common Crane,0.4659821093082428,0.4659821093082428,drop,0,,,
falco_peregrinus,957961,Falco peregrinus,/Users/justyna-przy/Projects/ISE/FYP/src/dataset/bird_data/raw/falco_peregrinus/XC957961.mp3,10.0,13.0,-20.975905129546693,-31.514882387427996,drop,Fulica atra,Eurasian Coot,0.13846592605113983,0.13846592605113983,drop,0,,,
falco_peregrinus,957961,Falco peregrinus,/Users/justyna-przy/Projects/ISE/FYP/src/dataset/bird_data/raw/falco_peregrinus/XC957961.mp3,13.0,16.0,-21.260900755948665,-31.514882387427996,drop,Chlidonias niger,Black Tern,0.17578928172588348,0.17578928172588348,drop,0,,,
falco_peregrinus,957961,Falco peregrinus,/Users/justyna-przy/Projects/ISE/FYP/src/dataset/bird_data/raw/falco_peregrinus/XC957961.mp3,19.0,22.0,-20.74682379155298,-31.514882387427996,drop,Spiziapteryx circumcincta,Spot-winged Falconet,0.24312488734722137,0.24312488734722137,drop,0,,,
falco_peregrinus,696808,Falco peregrinus,/Users/justyna-przy/Projects/ISE/FYP/src/dataset/bird_data/raw/falco_peregrinus/XC696808.mp3,13.0,16.0,-53.85954475188313,-40.0,non_bird,,,0.0,0.0,non_bird,1,nonbird_lowconf,/Users/justyna-przy/Projects/ISE/FYP/src/dataset/bird_data/clips/non_bird/falco_peregrinus/XC696808__s13000__e16000.wav,
falco_peregrinus,976515,Falco peregrinus,/Users/justyna-przy/Projects/ISE/FYP/src/dataset/bird_data/raw/falco_peregrinus/XC976515.mp3,13.0,16.0,-42.53152506095162,-40.0,species,Falco peregrinus,Peregrine Falcon,0.9701179265975952,0.9701179265975952,species,1,rand_species,/Users/justyna-przy/Projects/ISE/FYP/src/dataset/bird_data/clips/species/falco_peregrinus/XC976515__s13000__e16000.wav,
falco_peregrinus,985567,Falco peregrinus,/Users/justyna-przy/Projects/ISE/FYP/src/dataset/bird_data/raw/falco_peregrinus/XC985567.mp3,7.0,10.0,-45.03481903588113,-40.0,species,Falco peregrinus,Peregrine Falcon,0.995022177696228,0.995022177696228,species,1,rand_species,/Users/justyna-przy/Projects/ISE/FYP/src/dataset/bird_data/clips/species/falco_peregrinus/XC985567__s7000__e10000.wav,
falco_peregrinus,997786,Falco peregrinus,/Users/justyna-przy/Projects/ISE/FYP/src/dataset/bird_data/raw/falco_peregrinus/XC997786.mp3,1.0,4.0,-32.72140540651391,-33.30030443571511,non_bird,,,0.0,0.0,non_bird,1,nonbird_lowconf,/Users/justyna-przy/Projects/ISE/FYP/src/dataset/bird_data/clips/non_bird/falco_peregrinus/XC997786__s1000__e4000.wav,
falco_peregrinus,997786,Falco peregrinus,/Users/justyna-przy/Projects/ISE/FYP/src/dataset/bird_data/raw/falco_peregrinus/XC997786.mp3,4.0,7.0,-24.13777293740806,-33.30030443571511,species,Falco peregrinus,Peregrine Falcon,0.7483466863632202,0.7483466863632202,species,1,rand_species,/Users/justyna-przy/Projects/ISE/FYP/src/dataset/bird_data/clips/species/falco_peregrinus/XC997786__s4000__e7000.wav,
falco_peregrinus,997786,Falco peregrinus,/Users/justyna-przy/Projects/ISE/FYP/src/dataset/bird_data/raw/falco_peregrinus/XC997786.mp3,7.0,10.0,-31.735869262349823,-33.30030443571511,drop,Curruca communis,Greater Whitethroat,0.9698060750961304,0.9698060750961304,drop,0,,,
falco_peregrinus,998792,Falco peregrinus,/Users/justyna-przy/Projects/ISE/FYP/src/dataset/bird_data/raw/falco_peregrinus/XC998792.mp3,1.0,4.0,-47.57998120626179,-40.0,species,Falco peregrinus,Peregrine Falcon,0.9926130771636963,0.9926130771636963,species,1,rand_species,/Users/justyna-przy/Projects/ISE/FYP/src/dataset/bird_data/clips/species/falco_peregrinus/XC998792__s1000__e4000.wav,
falco_peregrinus,661639,Falco peregrinus,/Users/justyna-przy/Projects/ISE/FYP/src/dataset/bird_data/raw/falco_peregrinus/XC661639.mp3,11.0,14.0,-19.019673911645313,-26.22339459922378,species,Falco peregrinus,Peregrine Falcon,0.9850758910179138,0.9850758910179138,species,1,rand_species,/Users/justyna-przy/Projects/ISE/FYP/src/dataset/bird_data/clips/species/falco_peregrinus/XC661639__s11000__e14000.wav,
falco_peregrinus,661639,Falco peregrinus,/Users/justyna-przy/Projects/ISE/FYP/src/dataset/bird_data/raw/falco_peregrinus/XC661639.mp3,23.0,26.0,-19.740547935586804,-26.22339459922378,species,Falco peregrinus,Peregrine Falcon,0.9555877447128296,0.9555877447128296,species,0,,,
falco_peregrinus,661639,Falco peregrinus,/Users/justyna-przy/Projects/ISE/FYP/src/dataset/bird_data/raw/falco_peregrinus/XC661639.mp3,26.0,29.0,-20.85880412717932,-26.22339459922378,species,Falco peregrinus,Peregrine Falcon,0.9061368107795715,0.9061368107795715,species,1,rand_species,/Users/justyna-przy/Projects/ISE/FYP/src/dataset/bird_data/clips/species/falco_peregrinus/XC661639__s26000__e29000.wav,
falco_peregrinus,661639,Falco peregrinus,/Users/justyna-przy/Projects/ISE/FYP/src/dataset/bird_data/raw/falco_peregrinus/XC661639.mp3,29.0,32.0,-18.460388654718024,-26.22339459922378,species,Falco peregrinus,Peregrine Falcon,0.9579602479934692,0.9579602479934692,species,0,,,
falco_peregrinus,661639,Falco peregrinus,/Users/justyna-przy/Projects/ISE/FYP/src/dataset/bird_data/raw/falco_peregrinus/XC661639.mp3,32.0,35.0,-22.697432686011187,-26.22339459922378,species,Falco peregrinus,Peregrine Falcon,0.9852606654167175,0.9852606654167175,species,0,,,
falco_peregrinus,661639,Falco peregrinus,/Users/justyna-przy/Projects/ISE/FYP/src/dataset/bird_data/raw/falco_peregrinus/XC661639.mp3,35.0,38.0,-20.43950342167165,-26.22339459922378,species,Falco peregrinus,Peregrine Falcon,0.9724970459938049,0.9724970459938049,species,1,rand_species,/Users/justyna-przy/Projects/ISE/FYP/src/dataset/bird_data/clips/species/falco_peregrinus/XC661639__s35000__e38000.wav,
falco_peregrinus,1013413,Falco peregrinus,/Users/justyna-przy/Projects/ISE/FYP/src/dataset/bird_data/raw/falco_peregrinus/XC1013413.mp3,11.0,14.0,-24.301767108173102,-24.605271171863574,species,Falco peregrinus,Peregrine Falcon,0.9971904158592224,0.9971904158592224,species,0,,,
falco_peregrinus,1013413,Falco peregrinus,/Users/justyna-przy/Projects/ISE/FYP/src/dataset/bird_data/raw/falco_peregrinus/XC1013413.mp3,14.0,17.0,-24.591352561992398,-24.605271171863574,species,Falco peregrinus,Peregrine Falcon,0.9972459077835083,0.9972459077835083,species,1,rand_species,/Users/justyna-przy/Projects/ISE/FYP/src/dataset/bird_data/clips/species/falco_peregrinus/XC1013413__s14000__e17000.wav,
falco_peregrinus,1013413,Falco peregrinus,/Users/justyna-przy/Projects/ISE/FYP/src/dataset/bird_data/raw/falco_peregrinus/XC1013413.mp3,17.0,20.0,-24.418199569648856,-24.605271171863574,species,Falco peregrinus,Peregrine Falcon,0.9964884519577026,0.9964884519577026,species,0,,,
falco_peregrinus,1013413,Falco peregrinus,/Users/justyna-przy/Projects/ISE/FYP/src/dataset/bird_data/raw/falco_peregrinus/XC1013413.mp3,29.0,32.0,-24.563143359792686,-24.605271171863574,species,Falco peregrinus,Peregrine Falcon,0.8913703560829163,0.8913703560829163,species,1,rand_species,/Users/justyna-przy/Projects/ISE/FYP/src/dataset/bird_data/clips/species/falco_peregrinus/XC1013413__s29000__e32000.wav,
falco_peregrinus,1013413,Falco peregrinus,/Users/justyna-przy/Projects/ISE/FYP/src/dataset/bird_data/raw/falco_peregrinus/XC1013413.mp3,32.0,35.0,-24.238891554207097,-24.605271171863574,species,Falco peregrinus,Peregrine Falcon,0.9925997257232666,0.9925997257232666,species,1,rand_species,/Users/justyna-przy/Projects/ISE/FYP/src/dataset/bird_data/clips/species/falco_peregrinus/XC1013413__s32000__e35000.wav,
falco_peregrinus,1013413,Falco peregrinus,/Users/justyna-przy/Projects/ISE/FYP/src/dataset/bird_data/raw/falco_peregrinus/XC1013413.mp3,35.0,38.0,-24.268473890370398,-24.605271171863574,species,Falco peregrinus,Peregrine Falcon,0.7895818948745728,0.7895818948745728,species,0,,,
falco_peregrinus,746006,Falco peregrinus,/Users/justyna-przy/Projects/ISE/FYP/src/dataset/bird_data/raw/falco_peregrinus/XC746006.mp3,4.0,7.0,-41.286191232337536,-40.0,drop,Falco peregrinus,Peregrine Falcon,0.25762903690338135,0.25762903690338135,drop,0,,,
falco_peregrinus,936452,Falco peregrinus,/Users/justyna-przy/Projects/ISE/FYP/src/dataset/bird_data/raw/falco_peregrinus/XC936452.mp3,1.0,4.0,-44.77678126393073,-40.0,species,Falco peregrinus,Peregrine Falcon,0.9744534492492676,0.9744534492492676,species,1,rand_species,/Users/justyna-przy/Projects/ISE/FYP/src/dataset/bird_data/clips/species/falco_peregrinus/XC936452__s1000__e4000.wav,
falco_peregrinus,753874,Falco peregrinus,/Users/justyna-przy/Projects/ISE/FYP/src/dataset/bird_data/raw/falco_peregrinus/XC753874.mp3,1.0,4.0,-39.758921903163206,-40.0,drop,Pseudoleistes virescens,Brown-and-yellow Marshbird,0.43117713928222656,0.43117713928222656,drop,0,,,
falco_peregrinus,690542,Falco peregrinus,/Users/justyna-przy/Projects/ISE/FYP/src/dataset/bird_data/raw/falco_peregrinus/XC690542.mp3,4.0,7.0,-51.406996224822606,-40.0,species,Falco peregrinus,Peregrine Falcon,0.9759168028831482,0.9759168028831482,species,1,rand_species,/Users/justyna-przy/Projects/ISE/FYP/src/dataset/bird_data/clips/species/falco_peregrinus/XC690542__s4000__e7000.wav,
falco_peregrinus,955394,Falco peregrinus,/Users/justyna-przy/Projects/ISE/FYP/src/dataset/bird_data/raw/falco_peregrinus/XC955394.mp3,1.0,4.0,-45.70766378602108,-40.0,species,Falco peregrinus,Peregrine Falcon,0.9896742701530457,0.9896742701530457,species,1,rand_species,/Users/justyna-przy/Projects/ISE/FYP/src/dataset/bird_data/clips/species/falco_peregrinus/XC955394__s1000__e4000.wav,
falco_peregrinus,615810,Falco peregrinus,/Users/justyna-przy/Projects/ISE/FYP/src/dataset/bird_data/raw/falco_peregrinus/XC615810.mp3,1.0,4.0,-47.12831124134919,-40.0,species,Falco peregrinus,Peregrine Falcon,0.8316692113876343,0.8316692113876343,species,1,rand_species,/Users/justyna-przy/Projects/ISE/FYP/src/dataset/bird_data/clips/species/falco_peregrinus/XC615810__s1000__e4000.wav,
falco_peregrinus,213535,Falco peregrinus,/Users/justyna-przy/Projects/ISE/FYP/src/dataset/bird_data/raw/falco_peregrinus/XC213535.mp3,,,,,,,,,,drop,0,,,no_windows
falco_peregrinus,985566,Falco peregrinus,/Users/justyna-przy/Projects/ISE/FYP/src/dataset/bird_data/raw/falco_peregrinus/XC985566.mp3,1.0,4.0,-43.286725185639476,-40.0,species,Falco peregrinus,Peregrine Falcon,0.9974531531333923,0.9974531531333923,species,1,rand_species,/Users/justyna-przy/Projects/ISE/FYP/src/dataset/bird_data/clips/species/falco_peregrinus/XC985566__s1000__e4000.wav,
falco_peregrinus,997697,Falco peregrinus,/Users/justyna-przy/Projects/ISE/FYP/src/dataset/bird_data/raw/falco_peregrinus/XC997697.mp3,1.0,4.0,-39.17188520298878,-40.0,drop,Falco peregrinus,Peregrine Falcon,0.10095920413732529,0.10095920413732529,drop,0,,,
falco_peregrinus,997697,Falco peregrinus,/Users/justyna-przy/Projects/ISE/FYP/src/dataset/bird_data/raw/falco_peregrinus/XC997697.mp3,4.0,7.0,-38.77163558719196,-40.0,species,Falco peregrinus,Peregrine Falcon,0.4860711395740509,0.4860711395740509,species,1,rand_species,/Users/justyna-przy/Projects/ISE/FYP/src/dataset/bird_data/clips/species/falco_peregrinus/XC997697__s4000__e7000.wav,
falco_peregrinus,997697,Falco peregrinus,/Users/justyna-przy/Projects/ISE/FYP/src/dataset/bird_data/raw/falco_peregrinus/XC997697.mp3,13.0,16.0,-33.55888058744902,-40.0,species,Falco peregrinus,Peregrine Falcon,0.9804280400276184,0.9804280400276184,species,1,rand_species,/Users/justyna-przy/Projects/ISE/FYP/src/dataset/bird_data/clips/species/falco_peregrinus/XC997697__s13000__e16000.wav,
falco_peregrinus,997727,Falco peregrinus,/Users/justyna-przy/Projects/ISE/FYP/src/dataset/bird_data/raw/falco_peregrinus/XC997727.mp3,1.0,4.0,-16.963480126753353,-40.0,species,Falco peregrinus,Peregrine Falcon,0.994522213935852,0.994522213935852,species,1,rand_species,/Users/justyna-przy/Projects/ISE/FYP/src/dataset/bird_data/clips/species/falco_peregrinus/XC997727__s1000__e4000.wav,
falco_peregrinus,997727,Falco peregrinus,/Users/justyna-przy/Projects/ISE/FYP/src/dataset/bird_data/raw/falco_peregrinus/XC997727.mp3,7.0,10.0,-23.913041198666697,-40.0,non_bird,,,0.0,0.0,non_bird,1,nonbird_lowconf,/Users/justyna-przy/Projects/ISE/FYP/src/dataset/bird_data/clips/non_bird/falco_peregrinus/XC997727__s7000__e10000.wav,
falco_peregrinus,997727,Falco peregrinus,/Users/justyna-przy/Projects/ISE/FYP/src/dataset/bird_data/raw/falco_peregrinus/XC997727.mp3,10.0,13.0,-25.447292588485396,-40.0,drop,Himantopus mexicanus,Black-necked Stilt,0.30734139680862427,0.30734139680862427,drop,0,,,
falco_peregrinus,918400,Falco peregrinus,/Users/justyna-przy/Projects/ISE/FYP/src/dataset/bird_data/raw/falco_peregrinus/XC918400.mp3,1.0,4.0,-21.48047002613598,-26.01152234005208,species,Falco peregrinus,Peregrine Falcon,0.8940156698226929,0.8940156698226929,species,1,rand_species,/Users/justyna-przy/Projects/ISE/FYP/src/dataset/bird_data/clips/species/falco_peregrinus/XC918400__s1000__e4000.wav,
falco_peregrinus,918400,Falco peregrinus,/Users/justyna-przy/Projects/ISE/FYP/src/dataset/bird_data/raw/falco_peregrinus/XC918400.mp3,4.0,7.0,-23.426815371175614,-26.01152234005208,drop,Geranoaetus albicaudatus,White-tailed Hawk,0.23950079083442688,0.23950079083442688,drop,0,,,
falco_peregrinus,918400,Falco peregrinus,/Users/justyna-przy/Projects/ISE/FYP/src/dataset/bird_data/raw/falco_peregrinus/XC918400.mp3,7.0,10.0,-20.237079390555166,-26.01152234005208,non_bird,,,0.0,0.0,non_bird,1,nonbird_lowconf,/Users/justyna-przy/Projects/ISE/FYP/src/dataset/bird_data/clips/non_bird/falco_peregrinus/XC918400__s7000__e10000.wav,
falco_peregrinus,918400,Falco peregrinus,/Users/justyna-przy/Projects/ISE/FYP/src/dataset/bird_data/raw/falco_peregrinus/XC918400.mp3,10.0,13.0,-21.39614623281917,-26.01152234005208,drop,Phylloscopus plumbeitarsus,Two-barred Warbler,0.13233217597007751,0.13233217597007751,drop,0,,,
falco_peregrinus,918400,Falco peregrinus,/Users/justyna-przy/Projects/ISE/FYP/src/dataset/bird_data/raw/falco_peregrinus/XC918400.mp3,13.0,16.0,-25.42021015308388,-26.01152234005208,drop,Passer domesticus,House Sparrow,0.13648925721645355,0.13648925721645355,drop,0,,,
falco_peregrinus,918400,Falco peregrinus,/Users/justyna-przy/Projects/ISE/FYP/src/dataset/bird_data/raw/falco_peregrinus/XC918400.mp3,16.0,19.0,-20.65317969149334,-26.01152234005208,non_bird,,,0.0,0.0,non_bird,1,nonbird_lowconf,/Users/justyna-przy/Projects/ISE/FYP/src/dataset/bird_data/clips/non_bird/falco_peregrinus/XC918400__s16000__e19000.wav,
falco_peregrinus,982723,Falco peregrinus,/Users/justyna-przy/Projects/ISE/FYP/src/dataset/bird_data/raw/falco_peregrinus/XC982723.mp3,4.0,7.0,-28.12615829761999,-40.0,species,Falco peregrinus,Peregrine Falcon,0.9996806383132935,0.9996806383132935,species,1,rand_species,/Users/justyna-przy/Projects/ISE/FYP/src/dataset/bird_data/clips/species/falco_peregrinus/XC982723__s4000__e7000.wav,
falco_peregrinus,982723,Falco peregrinus,/Users/justyna-przy/Projects/ISE/FYP/src/dataset/bird_data/raw/falco_peregrinus/XC982723.mp3,7.0,10.0,-24.1126087466119,-40.0,species,Falco peregrinus,Peregrine Falcon,0.9976460337638855,0.9976460337638855,species,1,rand_species,/Users/justyna-przy/Projects/ISE/FYP/src/dataset/bird_data/clips/species/falco_peregrinus/XC982723__s7000__e10000.wav,
falco_peregrinus,982723,Falco peregrinus,/Users/justyna-przy/Projects/ISE/FYP/src/dataset/bird_data/raw/falco_peregrinus/XC982723.mp3,10.0,13.0,-30.78101387087792,-40.0,species,Falco peregrinus,Peregrine Falcon,0.764029324054718,0.764029324054718,species,1,rand_species,/Users/justyna-przy/Projects/ISE/FYP/src/dataset/bird_data/clips/species/falco_peregrinus/XC982723__s10000__e13000.wav,
falco_peregrinus,982723,Falco peregrinus,/Users/justyna-przy/Projects/ISE/FYP/src/dataset/bird_data/raw/falco_peregrinus/XC982723.mp3,13.0,16.0,-38.64344323674735,-40.0,species,Falco peregrinus,Peregrine Falcon,0.828220546245575,0.828220546245575,species,0,,,
falco_peregrinus,671621,Falco peregrinus,/Users/justyna-przy/Projects/ISE/FYP/src/dataset/bird_data/raw/falco_peregrinus/XC671621.mp3,1.0,4.0,-29.726101680331006,-29.85506512337521,drop,Anas crecca,Green-winged Teal,0.32206058502197266,0.32206058502197266,drop,0,,,
falco_peregrinus,671621,Falco peregrinus,/Users/justyna-przy/Projects/ISE/FYP/src/dataset/bird_data/raw/falco_peregrinus/XC671621.mp3,4.0,7.0,-27.288586527811503,-29.85506512337521,non_bird,,,0.0,0.0,non_bird,1,nonbird_lowconf,/Users/justyna-przy/Projects/ISE/FYP/src/dataset/bird_data/clips/non_bird/falco_peregrinus/XC671621__s4000__e7000.wav,
falco_peregrinus,671621,Falco peregrinus,/Users/justyna-przy/Projects/ISE/FYP/src/dataset/bird_data/raw/falco_peregrinus/XC671621.mp3,7.0,10.0,-28.7597171783859,-29.85506512337521,species,Falco peregrinus,Peregrine Falcon,0.404327929019928,0.404327929019928,species,1,rand_species,/Users/justyna-przy/Projects/ISE/FYP/src/dataset/bird_data/clips/species/falco_peregrinus/XC671621__s7000__e10000.wav,
falco_peregrinus,671621,Falco peregrinus,/Users/justyna-przy/Projects/ISE/FYP/src/dataset/bird_data/raw/falco_peregrinus/XC671621.mp3,10.0,13.0,-27.905131766419323,-29.85506512337521,non_bird,,,0.0,0.0,non_bird,1,nonbird_lowconf,/Users/justyna-przy/Projects/ISE/FYP/src/dataset/bird_data/clips/non_bird/falco_peregrinus/XC671621__s10000__e13000.wav,
falco_peregrinus,671621,Falco peregrinus,/Users/justyna-przy/Projects/ISE/FYP/src/dataset/bird_data/raw/falco_peregrinus/XC671621.mp3,13.0,16.0,-28.853780916433394,-29.85506512337521,non_bird,,,0.0,0.0,non_bird,0,,,
falco_peregrinus,671621,Falco peregrinus,/Users/justyna-przy/Projects/ISE/FYP/src/dataset/bird_data/raw/falco_peregrinus/XC671621.mp3,22.0,25.0,-29.40609227110302,-29.85506512337521,drop,Anas crecca,Green-winged Teal,0.14929643273353577,0.14929643273353577,drop,0,,,
falco_peregrinus,932137,Falco peregrinus,/Users/justyna-przy/Projects/ISE/FYP/src/dataset/bird_data/raw/falco_peregrinus/XC932137.mp3,10.0,13.0,-37.31440874605654,-40.0,species,Falco peregrinus,Peregrine Falcon,0.388767808675766,0.388767808675766,species,1,rand_species,/Users/justyna-przy/Projects/ISE/FYP/src/dataset/bird_data/clips/species/falco_peregrinus/XC932137__s10000__e13000.wav,
falco_peregrinus,437532,Falco peregrinus,/Users/justyna-przy/Projects/ISE/FYP/src/dataset/bird_data/raw/falco_peregrinus/XC437532.mp3,4.0,7.0,-15.541174465687646,-15.590855041602275,species,Falco peregrinus,Peregrine Falcon,0.9999041557312012,0.9999041557312012,species,1,rand_species,/Users/justyna-przy/Projects/ISE/FYP/src/dataset/bird_data/clips/species/falco_peregrinus/XC437532__s4000__e7000.wav,
falco_peregrinus,437532,Falco peregrinus,/Users/justyna-przy/Projects/ISE/FYP/src/dataset/bird_data/raw/falco_peregrinus/XC437532.mp3,7.0,10.0,-14.300357047034119,-15.590855041602275,species,Falco peregrinus,Peregrine Falcon,0.9979458451271057,0.9979458451271057,species,1,rand_species,/Users/justyna-przy/Projects/ISE/FYP/src/dataset/bird_data/clips/species/falco_peregrinus/XC437532__s7000__e10000.wav,
falco_peregrinus,689722,Falco peregrinus,/Users/justyna-przy/Projects/ISE/FYP/src/dataset/bird_data/raw/falco_peregrinus/XC689722.mp3,1.0,4.0,-27.040782844924898,-31.089954239484896,species,Falco peregrinus,Peregrine Falcon,0.9538378715515137,0.9538378715515137,species,1,rand_species,/Users/justyna-przy/Projects/ISE/FYP/src/dataset/bird_data/clips/species/falco_peregrinus/XC689722__s1000__e4000.wav,
falco_peregrinus,689722,Falco peregrinus,/Users/justyna-przy/Projects/ISE/FYP/src/dataset/bird_data/raw/falco_peregrinus/XC689722.mp3,7.0,10.0,-23.182894167897988,-31.089954239484896,species,Falco peregrinus,Peregrine Falcon,0.9990403056144714,0.9990403056144714,species,0,,,
falco_peregrinus,689722,Falco peregrinus,/Users/justyna-przy/Projects/ISE/FYP/src/dataset/bird_data/raw/falco_peregrinus/XC689722.mp3,10.0,13.0,-22.713447814544125,-31.089954239484896,species,Falco peregrinus,Peregrine Falcon,0.9864622950553894,0.9864622950553894,species,1,rand_species,/Users/justyna-przy/Projects/ISE/FYP/src/dataset/bird_data/clips/species/falco_peregrinus/XC689722__s10000__e13000.wav,
falco_peregrinus,689722,Falco peregrinus,/Users/justyna-przy/Projects/ISE/FYP/src/dataset/bird_data/raw/falco_peregrinus/XC689722.mp3,13.0,16.0,-20.999697641493672,-31.089954239484896,species,Falco peregrinus,Peregrine Falcon,0.9874349236488342,0.9874349236488342,species,0,,,
falco_peregrinus,689722,Falco peregrinus,/Users/justyna-przy/Projects/ISE/FYP/src/dataset/bird_data/raw/falco_peregrinus/XC689722.mp3,16.0,19.0,-22.602602411925268,-31.089954239484896,species,Falco peregrinus,Peregrine Falcon,0.6073419451713562,0.6073419451713562,species,0,,,
falco_peregrinus,689722,Falco peregrinus,/Users/justyna-przy/Projects/ISE/FYP/src/dataset/bird_data/raw/falco_peregrinus/XC689722.mp3,22.0,25.0,-25.750112778237924,-31.089954239484896,species,Falco peregrinus,Peregrine Falcon,0.9806503653526306,0.9806503653526306,species,1,rand_species,/Users/justyna-przy/Projects/ISE/FYP/src/dataset/bird_data/clips/species/falco_peregrinus/XC689722__s22000__e25000.wav,
falco_peregrinus,213531,Falco peregrinus,/Users/justyna-przy/Projects/ISE/FYP/src/dataset/bird_data/raw/falco_peregrinus/XC213531.mp3,1.0,4.0,-23.511160098525195,-25.361193385790674,species,Falco peregrinus,Peregrine Falcon,0.9704848527908325,0.9704848527908325,species,1,rand_species,/Users/justyna-przy/Projects/ISE/FYP/src/dataset/bird_data/clips/species/falco_peregrinus/XC213531__s1000__e4000.wav,
falco_peregrinus,213531,Falco peregrinus,/Users/justyna-przy/Projects/ISE/FYP/src/dataset/bird_data/raw/falco_peregrinus/XC213531.mp3,4.0,7.0,-19.999163138274234,-25.361193385790674,species,Falco peregrinus,Peregrine Falcon,0.9996746778488159,0.9996746778488159,species,1,rand_species,/Users/justyna-przy/Projects/ISE/FYP/src/dataset/bird_data/clips/species/falco_peregrinus/XC213531__s4000__e7000.wav,
falco_peregrinus,884039,Falco peregrinus,/Users/justyna-przy/Projects/ISE/FYP/src/dataset/bird_data/raw/falco_peregrinus/XC884039.mp3,6.0,9.0,-35.111281834515765,-38.62282444257197,species,Falco peregrinus,Peregrine Falcon,0.9985659718513489,0.9985659718513489,species,0,,,
falco_peregrinus,884039,Falco peregrinus,/Users/justyna-przy/Projects/ISE/FYP/src/dataset/bird_data/raw/falco_peregrinus/XC884039.mp3,9.0,12.0,-34.86356755089445,-38.62282444257197,species,Falco peregrinus,Peregrine Falcon,0.9990505576133728,0.9990505576133728,species,1,rand_species,/Users/justyna-przy/Projects/ISE/FYP/src/dataset/bird_data/clips/species/falco_peregrinus/XC884039__s9000__e12000.wav,
falco_peregrinus,884039,Falco peregrinus,/Users/justyna-przy/Projects/ISE/FYP/src/dataset/bird_data/raw/falco_peregrinus/XC884039.mp3,12.0,15.0,-34.067966893206346,-38.62282444257197,species,Falco peregrinus,Peregrine Falcon,0.9696345329284668,0.9696345329284668,species,0,,,
falco_peregrinus,884039,Falco peregrinus,/Users/justyna-przy/Projects/ISE/FYP/src/dataset/bird_data/raw/falco_peregrinus/XC884039.mp3,21.0,24.0,-37.20561361009137,-38.62282444257197,species,Falco peregrinus,Peregrine Falcon,0.7811931371688843,0.7811931371688843,species,0,,,
falco_peregrinus,884039,Falco peregrinus,/Users/justyna-przy/Projects/ISE/FYP/src/dataset/bird_data/raw/falco_peregrinus/XC884039.mp3,24.0,27.0,-35.23138543510749,-38.62282444257197,species,Falco peregrinus,Peregrine Falcon,0.9458463191986084,0.9458463191986084,species,1,rand_species,/Users/justyna-przy/Projects/ISE/FYP/src/dataset/bird_data/clips/species/falco_peregrinus/XC884039__s24000__e27000.wav,
falco_peregrinus,884039,Falco peregrinus,/Users/justyna-przy/Projects/ISE/FYP/src/dataset/bird_data/raw/falco_peregrinus/XC884039.mp3,30.0,33.0,-37.8442640146753,-38.62282444257197,species,Falco peregrinus,Peregrine Falcon,0.9558656215667725,0.9558656215667725,species,1,rand_species,/Users/justyna-przy/Projects/ISE/FYP/src/dataset/bird_data/clips/species/falco_peregrinus/XC884039__s30000__e33000.wav,
falco_peregrinus,896687,Falco peregrinus,/Users/justyna-przy/Projects/ISE/FYP/src/dataset/bird_data/raw/falco_peregrinus/XC896687.mp3,1.0,4.0,-38.36741142650509,-40.0,species,Falco peregrinus,Peregrine Falcon,0.8891332745552063,0.8891332745552063,species,1,rand_species,/Users/justyna-przy/Projects/ISE/FYP/src/dataset/bird_data/clips/species/falco_peregrinus/XC896687__s1000__e4000.wav,
falco_peregrinus,896687,Falco peregrinus,/Users/justyna-przy/Projects/ISE/FYP/src/dataset/bird_data/raw/falco_peregrinus/XC896687.mp3,13.0,16.0,-36.2199937689012,-40.0,species,Falco peregrinus,Peregrine Falcon,0.9984155893325806,0.9984155893325806,species,1,rand_species,/Users/justyna-przy/Projects/ISE/FYP/src/dataset/bird_data/clips/species/falco_peregrinus/XC896687__s13000__e16000.wav,
falco_peregrinus,896687,Falco peregrinus,/Users/justyna-przy/Projects/ISE/FYP/src/dataset/bird_data/raw/falco_peregrinus/XC896687.mp3,16.0,19.0,-39.01920271920615,-40.0,species,Falco peregrinus,Peregrine Falcon,0.9440456032752991,0.9440456032752991,species,1,rand_species,/Users/justyna-przy/Projects/ISE/FYP/src/dataset/bird_data/clips/species/falco_peregrinus/XC896687__s16000__e19000.wav,
falco_peregrinus,912322,Falco peregrinus,/Users/justyna-przy/Projects/ISE/FYP/src/dataset/bird_data/raw/falco_peregrinus/XC912322.mp3,1.0,4.0,-30.192287703297616,-30.738626110231753,drop,Melanerpes aurifrons,Golden-fronted Woodpecker,0.2923402786254883,0.2923402786254883,drop,0,,,
falco_peregrinus,910551,Falco peregrinus,/Users/justyna-przy/Projects/ISE/FYP/src/dataset/bird_data/raw/falco_peregrinus/XC910551.mp3,1.0,4.0,-39.16272652887241,-40.0,drop,Turdus merula,Eurasian Blackbird,0.20925112068653107,0.20925112068653107,drop,0,,,
falco_peregrinus,737518,Falco peregrinus,/Users/justyna-przy/Projects/ISE/FYP/src/dataset/bird_data/raw/falco_peregrinus/XC737518.mp3,4.0,7.0,-27.505274055513247,-29.835297290416815,non_bird,,,0.0,0.0,non_bird,1,nonbird_lowconf,/Users/justyna-przy/Projects/ISE/FYP/src/dataset/bird_data/clips/non_bird/falco_peregrinus/XC737518__s4000__e7000.wav,
falco_peregrinus,737518,Falco peregrinus,/Users/justyna-przy/Projects/ISE/FYP/src/dataset/bird_data/raw/falco_peregrinus/XC737518.mp3,7.0,10.0,-27.025443403059043,-29.835297290416815,species,Falco peregrinus,Peregrine Falcon,0.9885735511779785,0.9885735511779785,species,1,rand_species,/Users/justyna-przy/Projects/ISE/FYP/src/dataset/bird_data/clips/species/falco_peregrinus/XC737518__s7000__e10000.wav,
falco_peregrinus,737518,Falco peregrinus,/Users/justyna-przy/Projects/ISE/FYP/src/dataset/bird_data/raw/falco_peregrinus/XC737518.mp3,10.0,13.0,-29.05190319760902,-29.835297290416815,species,Falco peregrinus,Peregrine Falcon,0.9816717505455017,0.9816717505455017,species,1,rand_species,/Users/justyna-przy/Projects/ISE/FYP/src/dataset/bird_data/clips/species/falco_peregrinus/XC737518__s10000__e13000.wav,
falco_peregrinus,737518,Falco peregrinus,/Users/justyna-przy/Projects/ISE/FYP/src/dataset/bird_data/raw/falco_peregrinus/XC737518.mp3,13.0,16.0,-28.598230344893807,-29.835297290416815,species,Falco peregrinus,Peregrine Falcon,0.9995169639587402,0.9995169639587402,species,1,rand_species,/Users/justyna-przy/Projects/ISE/FYP/src/dataset/bird_data/clips/species/falco_peregrinus/XC737518__s13000__e16000.wav,
falco_peregrinus,606825,Falco peregrinus,/Users/justyna-przy/Projects/ISE/FYP/src/dataset/bird_data/raw/falco_peregrinus/XC606825.mp3,6.0,9.0,-31.64455906517977,-40.0,species,Falco peregrinus,Peregrine Falcon,0.9898279905319214,0.9898279905319214,species,1,rand_species,/Users/justyna-przy/Projects/ISE/FYP/src/dataset/bird_data/clips/species/falco_peregrinus/XC606825__s6000__e9000.wav,
falco_peregrinus,606825,Falco peregrinus,/Users/justyna-przy/Projects/ISE/FYP/src/dataset/bird_data/raw/falco_peregrinus/XC606825.mp3,9.0,12.0,-30.478823759827584,-40.0,species,Falco peregrinus,Peregrine Falcon,0.9408654570579529,0.9408654570579529,species,0,,,
falco_peregrinus,606825,Falco peregrinus,/Users/justyna-przy/Projects/ISE/FYP/src/dataset/bird_data/raw/falco_peregrinus/XC606825.mp3,12.0,15.0,-31.84502489990603,-40.0,species,Falco peregrinus,Peregrine Falcon,0.6766662001609802,0.6766662001609802,species,0,,,
falco_peregrinus,606825,Falco peregrinus,/Users/justyna-przy/Projects/ISE/FYP/src/dataset/bird_data/raw/falco_peregrinus/XC606825.mp3,15.0,18.0,-36.47417433725277,-40.0,species,Falco peregrinus,Peregrine Falcon,0.9930930137634277,0.9930930137634277,species,0,,,
falco_peregrinus,606825,Falco peregrinus,/Users/justyna-przy/Projects/ISE/FYP/src/dataset/bird_data/raw/falco_peregrinus/XC606825.mp3,18.0,21.0,-36.08569407828036,-40.0,species,Falco peregrinus,Peregrine Falcon,0.9514915943145752,0.9514915943145752,species,1,rand_species,/Users/justyna-przy/Projects/ISE/FYP/src/dataset/bird_data/clips/species/falco_peregrinus/XC606825__s18000__e21000.wav,
falco_peregrinus,606825,Falco peregrinus,/Users/justyna-przy/Projects/ISE/FYP/src/dataset/bird_data/raw/falco_peregrinus/XC606825.mp3,30.0,33.0,-35.2206320178564,-40.0,species,Falco peregrinus,Peregrine Falcon,0.9952493906021118,0.9952493906021118,species,1,rand_species,/Users/justyna-przy/Projects/ISE/FYP/src/dataset/bird_data/clips/species/falco_peregrinus/XC606825__s30000__e33000.wav,
falco_peregrinus,750854,Falco peregrinus,/Users/justyna-przy/Projects/ISE/FYP/src/dataset/bird_data/raw/falco_peregrinus/XC750854.mp3,7.0,10.0,-51.56601288238802,-40.0,drop,Pteroglossus aracari,Black-necked Aracari,0.7005711197853088,0.7005711197853088,drop,0,,,
falco_peregrinus,63085,Falco peregrinus,/Users/justyna-przy/Projects/ISE/FYP/src/dataset/bird_data/raw/falco_peregrinus/XC63085.mp3,1.0,4.0,-27.084016201883475,-27.960034373060243,species,Falco peregrinus,Peregrine Falcon,0.9998669624328613,0.9998669624328613,species,1,rand_species,/Users/justyna-przy/Projects/ISE/FYP/src/dataset/bird_data/clips/species/falco_peregrinus/XC63085__s1000__e4000.wav,
falco_peregrinus,63085,Falco peregrinus,/Users/justyna-przy/Projects/ISE/FYP/src/dataset/bird_data/raw/falco_peregrinus/XC63085.mp3,4.0,7.0,-24.84039281491759,-27.960034373060243,species,Falco peregrinus,Peregrine Falcon,0.7520692944526672,0.7520692944526672,species,1,rand_species,/Users/justyna-przy/Projects/ISE/FYP/src/dataset/bird_data/clips/species/falco_peregrinus/XC63085__s4000__e7000.wav,
falco_peregrinus,63085,Falco peregrinus,/Users/justyna-przy/Projects/ISE/FYP/src/dataset/bird_data/raw/falco_peregrinus/XC63085.mp3,7.0,10.0,-27.501201924781583,-27.960034373060243,species,Falco peregrinus,Peregrine Falcon,0.9999226331710815,0.9999226331710815,species,1,rand_species,/Users/justyna-przy/Projects/ISE/FYP/src/dataset/bird_data/clips/species/falco_peregrinus/XC63085__s7000__e10000.wav,
falco_peregrinus,689721,Falco peregrinus,/Users/justyna-przy/Projects/ISE/FYP/src/dataset/bird_data/raw/falco_peregrinus/XC689721.mp3,16.0,19.0,-41.97079726633788,-40.0,species,Falco peregrinus,Peregrine Falcon,0.9983769655227661,0.9983769655227661,species,1,rand_species,/Users/justyna-przy/Projects/ISE/FYP/src/dataset/bird_data/clips/species/falco_peregrinus/XC689721__s16000__e19000.wav,
falco_peregrinus,973265,Falco peregrinus,/Users/justyna-przy/Projects/ISE/FYP/src/dataset/bird_data/raw/falco_peregrinus/XC973265.mp3,1.0,4.0,-28.833865788428497,-33.248764783713504,drop,Falco sparverius,American Kestrel,0.25337275862693787,0.25337275862693787,drop,0,,,
falco_peregrinus,973265,Falco peregrinus,/Users/justyna-przy/Projects/ISE/FYP/src/dataset/bird_data/raw/falco_peregrinus/XC973265.mp3,7.0,10.0,-32.81896594643277,-33.248764783713504,drop,Thalasseus sandvicensis,Sandwich Tern,0.2029847502708435,0.2029847502708435,drop,0,,,
falco_peregrinus,973265,Falco peregrinus,/Users/justyna-przy/Projects/ISE/FYP/src/dataset/bird_data/raw/falco_peregrinus/XC973265.mp3,10.0,13.0,-30.900634298153697,-33.248764783713504,drop,Turdus nigrescens,Sooty Thrush,0.21896745264530182,0.21896745264530182,drop,0,,,
falco_peregrinus,973265,Falco peregrinus,/Users/justyna-przy/Projects/ISE/FYP/src/dataset/bird_data/raw/falco_peregrinus/XC973265.mp3,13.0,16.0,-33.11232004983762,-33.248764783713504,species,Falco peregrinus,Peregrine Falcon,0.4396466612815857,0.4396466612815857,species,1,rand_species,/Users/justyna-przy/Projects/ISE/FYP/src/dataset/bird_data/clips/species/falco_peregrinus/XC973265__s13000__e16000.wav,
falco_peregrinus,973265,Falco peregrinus,/Users/justyna-przy/Projects/ISE/FYP/src/dataset/bird_data/raw/falco_peregrinus/XC973265.mp3,16.0,19.0,-29.595405863804793,-33.248764783713504,species,Falco peregrinus,Peregrine Falcon,0.784631609916687,0.784631609916687,species,1,rand_species,/Users/justyna-przy/Projects/ISE/FYP/src/dataset/bird_data/clips/species/falco_peregrinus/XC973265__s16000__e19000.wav,
falco_peregrinus,880751,Falco peregrinus,/Users/justyna-przy/Projects/ISE/FYP/src/dataset/bird_data/raw/falco_peregrinus/XC880751.mp3,4.0,7.0,-41.36610872735371,-40.0,species,Falco peregrinus,Peregrine Falcon,0.9960446357727051,0.9960446357727051,species,1,rand_species,/Users/justyna-przy/Projects/ISE/FYP/src/dataset/bird_data/clips/species/falco_peregrinus/XC880751__s4000__e7000.wav,
falco_peregrinus,896686,Falco peregrinus,/Users/justyna-przy/Projects/ISE/FYP/src/dataset/bird_data/raw/falco_peregrinus/XC896686.mp3,1.0,4.0,-31.31192059922343,-31.31192059922343,species,Falco peregrinus,Peregrine Falcon,0.7011423110961914,0.7011423110961914,species,1,rand_species,/Users/justyna-przy/Projects/ISE/FYP/src/dataset/bird_data/clips/species/falco_peregrinus/XC896686__s1000__e4000.wav,
falco_peregrinus,912318,Falco peregrinus,/Users/justyna-przy/Projects/ISE/FYP/src/dataset/bird_data/raw/falco_peregrinus/XC912318.mp3,1.0,4.0,-44.90234559924745,-40.0,drop,Melanerpes aurifrons,Golden-fronted Woodpecker,0.18520136177539825,0.18520136177539825,drop,0,,,
falco_peregrinus,910549,Falco peregrinus,/Users/justyna-przy/Projects/ISE/FYP/src/dataset/bird_data/raw/falco_peregrinus/XC910549.mp3,1.0,4.0,-34.816708267302346,-40.0,non_bird,,,0.0,0.0,non_bird,1,nonbird_lowconf,/Users/justyna-przy/Projects/ISE/FYP/src/dataset/bird_data/clips/non_bird/falco_peregrinus/XC910549__s1000__e4000.wav,
falco_peregrinus,910549,Falco peregrinus,/Users/justyna-przy/Projects/ISE/FYP/src/dataset/bird_data/raw/falco_peregrinus/XC910549.mp3,4.0,7.0,-38.659863948233784,-40.0,drop,Circus aeruginosus,Eurasian Marsh-Harrier,0.1255401074886322,0.1255401074886322,drop,0,,,
falco_peregrinus,910549,Falco peregrinus,/Users/justyna-przy/Projects/ISE/FYP/src/dataset/bird_data/raw/falco_peregrinus/XC910549.mp3,7.0,10.0,-35.87517382880621,-40.0,species,Falco peregrinus,Peregrine Falcon,0.999079704284668,0.999079704284668,species,1,rand_species,/Users/justyna-przy/Projects/ISE/FYP/src/dataset/bird_data/clips/species/falco_peregrinus/XC910549__s7000__e10000.wav,
falco_peregrinus,1023498,Falco peregrinus,/Users/justyna-przy/Projects/ISE/FYP/src/dataset/bird_data/raw/falco_peregrinus/XC1023498.mp3,1.0,4.0,-27.89439918692991,-30.968748963052953,species,Falco peregrinus,Peregrine Falcon,0.9385727047920227,0.9385727047920227,species,1,rand_species,/Users/justyna-przy/Projects/ISE/FYP/src/dataset/bird_data/clips/species/falco_peregrinus/XC1023498__s1000__e4000.wav,
falco_peregrinus,587278,Falco peregrinus,/Users/justyna-przy/Projects/ISE/FYP/src/dataset/bird_data/raw/falco_peregrinus/XC587278.mp3,1.0,4.0,-34.7022796455107,-40.0,drop,Haematopus ostralegus,Eurasian Oystercatcher,0.9371495842933655,0.9371495842933655,drop,0,,,
falco_peregrinus,587278,Falco peregrinus,/Users/justyna-przy/Projects/ISE/FYP/src/dataset/bird_data/raw/falco_peregrinus/XC587278.mp3,4.0,7.0,-36.8914448984943,-40.0,drop,Numenius arquata,Eurasian Curlew,0.11497485637664795,0.11497485637664795,drop,0,,,
falco_peregrinus,587278,Falco peregrinus,/Users/justyna-przy/Projects/ISE/FYP/src/dataset/bird_data/raw/falco_peregrinus/XC587278.mp3,10.0,13.0,-32.04818844883762,-40.0,drop,Thalasseus maximus,Royal Tern,0.5060237646102905,0.5060237646102905,drop,0,,,
falco_peregrinus,587278,Falco peregrinus,/Users/justyna-przy/Projects/ISE/FYP/src/dataset/bird_data/raw/falco_peregrinus/XC587278.mp3,19.0,22.0,-37.60583390689088,-40.0,drop,Falco peregrinus,Peregrine Falcon,0.21637867391109467,0.21637867391109467,drop,0,,,
falco_peregrinus,1055554,Falco peregrinus,/Users/justyna-przy/Projects/ISE/FYP/src/dataset/bird_data/raw/falco_peregrinus/XC1055554.mp3,1.0,4.0,-39.33071568571743,-40.0,drop,Limosa limosa,Black-tailed Godwit,0.34494835138320923,0.34494835138320923,drop,0,,,
falco_peregrinus,1055676,Falco peregrinus,/Users/justyna-przy/Projects/ISE/FYP/src/dataset/bird_data/raw/falco_peregrinus/XC1055676.mp3,1.0,4.0,-23.5141593807167,-27.127130908089182,species,Falco peregrinus,Peregrine Falcon,0.9996125102043152,0.9996125102043152,species,1,rand_species,/Users/justyna-przy/Projects/ISE/FYP/src/dataset/bird_data/clips/species/falco_peregrinus/XC1055676__s1000__e4000.wav,
falco_peregrinus,689720,Falco peregrinus,/Users/justyna-przy/Projects/ISE/FYP/src/dataset/bird_data/raw/falco_peregrinus/XC689720.mp3,1.0,4.0,-48.35421681086132,-40.0,drop,Oenanthe isabellina,Isabelline Wheatear,0.18732325732707977,0.18732325732707977,drop,0,,,
falco_peregrinus,877853,Falco peregrinus,/Users/justyna-przy/Projects/ISE/FYP/src/dataset/bird_data/raw/falco_peregrinus/XC877853.mp3,4.0,7.0,-47.47483995670098,-40.0,species,Falco peregrinus,Peregrine Falcon,0.9963967204093933,0.9963967204093933,species,1,rand_species,/Users/justyna-przy/Projects/ISE/FYP/src/dataset/bird_data/clips/species/falco_peregrinus/XC877853__s4000__e7000.wav,
falco_peregrinus,880750,Falco peregrinus,/Users/justyna-przy/Projects/ISE/FYP/src/dataset/bird_data/raw/falco_peregrinus/XC880750.mp3,1.0,4.0,-45.90570868605361,-40.0,species,Falco peregrinus,Peregrine Falcon,0.9947309494018555,0.9947309494018555,species,1,rand_species,/Users/justyna-przy/Projects/ISE/FYP/src/dataset/bird_data/clips/species/falco_peregrinus/XC880750__s1000__e4000.wav,
falco_peregrinus,645494,Falco peregrinus,/Users/justyna-przy/Projects/ISE/FYP/src/dataset/bird_data/raw/falco_peregrinus/XC645494.mp3,13.0,16.0,-53.94798746903632,-40.0,drop,Curruca melanocephala,Sardinian Warbler,0.7822441458702087,0.7822441458702087,drop,0,,,
falco_peregrinus,903473,Falco peregrinus,/Users/justyna-przy/Projects/ISE/FYP/src/dataset/bird_data/raw/falco_peregrinus/XC903473.mp3,4.0,7.0,-37.13671449748974,-37.3581365411387,species,Falco peregrinus,Peregrine Falcon,0.7032653093338013,0.7032653093338013,species,1,rand_species,/Users/justyna-przy/Projects/ISE/FYP/src/dataset/bird_data/clips/species/falco_peregrinus/XC903473__s4000__e7000.wav,
falco_peregrinus,903473,Falco peregrinus,/Users/justyna-przy/Projects/ISE/FYP/src/dataset/bird_data/raw/falco_peregrinus/XC903473.mp3,7.0,10.0,-35.677762356143404,-37.3581365411387,species,Falco peregrinus,Peregrine Falcon,0.9557914733886719,0.9557914733886719,species,1,rand_species,/Users/justyna-przy/Projects/ISE/FYP/src/dataset/bird_data/clips/species/falco_peregrinus/XC903473__s7000__e10000.wav,
falco_peregrinus,903473,Falco peregrinus,/Users/justyna-przy/Projects/ISE/FYP/src/dataset/bird_data/raw/falco_peregrinus/XC903473.mp3,13.0,16.0,-35.67523085688752,-37.3581365411387,non_bird,,,0.0,0.0,non_bird,1,nonbird_lowconf,/Users/justyna-przy/Projects/ISE/FYP/src/dataset/bird_data/clips/non_bird/falco_peregrinus/XC903473__s13000__e16000.wav,
falco_peregrinus,910217,Falco peregrinus,/Users/justyna-przy/Projects/ISE/FYP/src/dataset/bird_data/raw/falco_peregrinus/XC910217.mp3,4.0,7.0,-31.904183763027483,-32.05922362329952,species,Falco peregrinus,Peregrine Falcon,0.6972446441650391,0.6972446441650391,species,1,rand_species,/Users/justyna-przy/Projects/ISE/FYP/src/dataset/bird_data/clips/species/falco_peregrinus/XC910217__s4000__e7000.wav,
falco_peregrinus,910217,Falco peregrinus,/Users/justyna-przy/Projects/ISE/FYP/src/dataset/bird_data/raw/falco_peregrinus/XC910217.mp3,7.0,10.0,-30.9417593181594,-32.05922362329952,drop,Falco peregrinus,Peregrine Falcon,0.17600516974925995,0.17600516974925995,drop,0,,,
falco_peregrinus,910217,Falco peregrinus,/Users/justyna-przy/Projects/ISE/FYP/src/dataset/bird_data/raw/falco_peregrinus/XC910217.mp3,10.0,13.0,-31.737776972506964,-32.05922362329952,species,Falco peregrinus,Peregrine Falcon,0.41069474816322327,0.41069474816322327,species,1,rand_species,/Users/justyna-przy/Projects/ISE/FYP/src/dataset/bird_data/clips/species/falco_peregrinus/XC910217__s10000__e13000.wav,
falco_peregrinus,744529,Falco peregrinus,/Users/justyna-przy/Projects/ISE/FYP/src/dataset/bird_data/raw/falco_peregrinus/XC744529.mp3,10.0,13.0,-49.90598232329664,-40.0,species,Falco peregrinus,Peregrine Falcon,0.8062872290611267,0.8062872290611267,species,1,rand_species,/Users/justyna-przy/Projects/ISE/FYP/src/dataset/bird_data/clips/species/falco_peregrinus/XC744529__s10000__e13000.wav,
falco_peregrinus,496049,Falco peregrinus,/Users/justyna-przy/Projects/ISE/FYP/src/dataset/bird_data/raw/falco_peregrinus/XC496049.mp3,1.0,4.0,-32.432852135301616,-33.57498566417947,species,Falco peregrinus,Peregrine Falcon,0.9850752353668213,0.9850752353668213,species,1,rand_species,/Users/justyna-przy/Projects/ISE/FYP/src/dataset/bird_data/clips/species/falco_peregrinus/XC496049__s1000__e4000.wav,
falco_peregrinus,496049,Falco peregrinus,/Users/justyna-przy/Projects/ISE/FYP/src/dataset/bird_data/raw/falco_peregrinus/XC496049.mp3,4.0,7.0,-21.50154796160958,-33.57498566417947,species,Falco peregrinus,Peregrine Falcon,0.9829302430152893,0.9829302430152893,species,1,rand_species,/Users/justyna-przy/Projects/ISE/FYP/src/dataset/bird_data/clips/species/falco_peregrinus/XC496049__s4000__e7000.wav,
falco_peregrinus,496049,Falco peregrinus,/Users/justyna-przy/Projects/ISE/FYP/src/dataset/bird_data/raw/falco_peregrinus/XC496049.mp3,7.0,10.0,-22.457338470137405,-33.57498566417947,species,Falco peregrinus,Peregrine Falcon,0.908135175704956,0.908135175704956,species,0,,,
falco_peregrinus,496049,Falco peregrinus,/Users/justyna-przy/Projects/ISE/FYP/src/dataset/bird_data/raw/falco_peregrinus/XC496049.mp3,19.0,22.0,-28.663576905134907,-33.57498566417947,species,Falco peregrinus,Peregrine Falcon,0.9986168146133423,0.9986168146133423,species,1,rand_species,/Users/justyna-przy/Projects/ISE/FYP/src/dataset/bird_data/clips/species/falco_peregrinus/XC496049__s19000__e22000.wav,
falco_peregrinus,496049,Falco peregrinus,/Users/justyna-przy/Projects/ISE/FYP/src/dataset/bird_data/raw/falco_peregrinus/XC496049.mp3,22.0,25.0,-31.43146145098528,-33.57498566417947,species,Falco peregrinus,Peregrine Falcon,0.8306958675384521,0.8306958675384521,species,0,,,
falco_peregrinus,496049,Falco peregrinus,/Users/justyna-przy/Projects/ISE/FYP/src/dataset/bird_data/raw/falco_peregrinus/XC496049.mp3,25.0,28.0,-25.844327756692262,-33.57498566417947,species,Falco peregrinus,Peregrine Falcon,0.9982879757881165,0.9982879757881165,species,0,,,
falco_peregrinus,1055542,Falco peregrinus,/Users/justyna-przy/Projects/ISE/FYP/src/dataset/bird_data/raw/falco_peregrinus/XC1055542.mp3,1.0,4.0,-34.259592458168626,-36.80542052709481,species,Falco peregrinus,Peregrine Falcon,0.9926552772521973,0.9926552772521973,species,1,rand_species,/Users/justyna-przy/Projects/ISE/FYP/src/dataset/bird_data/clips/species/falco_peregrinus/XC1055542__s1000__e4000.wav,
falco_peregrinus,1055542,Falco peregrinus,/Users/justyna-przy/Projects/ISE/FYP/src/dataset/bird_data/raw/falco_peregrinus/XC1055542.mp3,4.0,7.0,-32.75603089883872,-36.80542052709481,species,Falco peregrinus,Peregrine Falcon,0.9251915216445923,0.9251915216445923,species,1,rand_species,/Users/justyna-przy/Projects/ISE/FYP/src/dataset/bird_data/clips/species/falco_peregrinus/XC1055542__s4000__e7000.wav,
falco_peregrinus,1055542,Falco peregrinus,/Users/justyna-przy/Projects/ISE/FYP/src/dataset/bird_data/raw/falco_peregrinus/XC1055542.mp3,7.0,10.0,-34.118995420092986,-36.80542052709481,drop,Fringilla coelebs,Common Chaffinch,0.7838784456253052,0.7838784456253052,drop,0,,,
falco_peregrinus,1055542,Falco peregrinus,/Users/justyna-przy/Projects/ISE/FYP/src/dataset/bird_data/raw/falco_peregrinus/XC1055542.mp3,13.0,16.0,-35.92373378380016,-36.80542052709481,non_bird,,,0.0,0.0,non_bird,1,nonbird_lowconf,/Users/justyna-przy/Projects/ISE/FYP/src/dataset/bird_data/clips/non_bird/falco_peregrinus/XC1055542__s13000__e16000.wav,
falco_peregrinus,1055542,Falco peregrinus,/Users/justyna-przy/Projects/ISE/FYP/src/dataset/bird_data/raw/falco_peregrinus/XC1055542.mp3,22.0,25.0,-35.336713590980764,-36.80542052709481,non_bird,,,0.0,0.0,non_bird,1,nonbird_lowconf,/Users/justyna-przy/Projects/ISE/FYP/src/dataset/bird_data/clips/non_bird/falco_peregrinus/XC1055542__s22000__e25000.wav,
falco_peregrinus,1055542,Falco peregrinus,/Users/justyna-przy/Projects/ISE/FYP/src/dataset/bird_data/raw/falco_peregrinus/XC1055542.mp3,25.0,28.0,-30.57989195289537,-36.80542052709481,non_bird,,,0.0,0.0,non_bird,0,,,
falco_peregrinus,1055626,Falco peregrinus,/Users/justyna-przy/Projects/ISE/FYP/src/dataset/bird_data/raw/falco_peregrinus/XC1055626.mp3,1.0,4.0,-31.326151735454864,-36.379350142031115,drop,Falco peregrinus,Peregrine Falcon,0.19514234364032745,0.19514234364032745,drop,0,,,
falco_peregrinus,1055278,Falco peregrinus,/Users/justyna-przy/Projects/ISE/FYP/src/dataset/bird_data/raw/falco_peregrinus/XC1055278.mp3,1.0,4.0,-36.10614704699675,-36.808746090449915,drop,Fringilla montifringilla,Brambling,0.11873611807823181,0.11873611807823181,drop,0,,,
falco_peregrinus,1055278,Falco peregrinus,/Users/justyna-przy/Projects/ISE/FYP/src/dataset/bird_data/raw/falco_peregrinus/XC1055278.mp3,4.0,7.0,-34.52066228582805,-36.808746090449915,species,Falco peregrinus,Peregrine Falcon,0.8749200105667114,0.8749200105667114,species,1,rand_species,/Users/justyna-przy/Projects/ISE/FYP/src/dataset/bird_data/clips/species/falco_peregrinus/XC1055278__s4000__e7000.wav,
falco_peregrinus,781902,Falco peregrinus,/Users/justyna-przy/Projects/ISE/FYP/src/dataset/bird_data/raw/falco_peregrinus/XC781902.mp3,1.0,4.0,-45.84713051540427,-40.0,species,Falco peregrinus,Peregrine Falcon,0.9932941198348999,0.9932941198348999,species,1,rand_species,/Users/justyna-przy/Projects/ISE/FYP/src/dataset/bird_data/clips/species/falco_peregrinus/XC781902__s1000__e4000.wav,
falco_peregrinus,786158,Falco peregrinus,/Users/justyna-przy/Projects/ISE/FYP/src/dataset/bird_data/raw/falco_peregrinus/XC786158.mp3,13.0,16.0,-49.90455837750061,-40.0,species,Falco peregrinus,Peregrine Falcon,0.9955562949180603,0.9955562949180603,species,1,rand_species,/Users/justyna-przy/Projects/ISE/FYP/src/dataset/bird_data/clips/species/falco_peregrinus/XC786158__s13000__e16000.wav,
falco_peregrinus,636650,Falco peregrinus,/Users/justyna-przy/Projects/ISE/FYP/src/dataset/bird_data/raw/falco_peregrinus/XC636650.mp3,1.0,4.0,-34.94552770404851,-40.0,species,Falco peregrinus,Peregrine Falcon,0.7853401303291321,0.7853401303291321,species,1,rand_species,/Users/justyna-przy/Projects/ISE/FYP/src/dataset/bird_data/clips/species/falco_peregrinus/XC636650__s1000__e4000.wav,
falco_peregrinus,800702,Falco peregrinus,/Users/justyna-przy/Projects/ISE/FYP/src/dataset/bird_data/raw/falco_peregrinus/XC800702.mp3,1.0,4.0,-32.04668663169325,-32.374932146578644,species,Falco peregrinus,Peregrine Falcon,0.5782291293144226,0.5782291293144226,species,1,rand_species,/Users/justyna-przy/Projects/ISE/FYP/src/dataset/bird_data/clips/species/falco_peregrinus/XC800702__s1000__e4000.wav,
falco_peregrinus,800702,Falco peregrinus,/Users/justyna-przy/Projects/ISE/FYP/src/dataset/bird_data/raw/falco_peregrinus/XC800702.mp3,4.0,7.0,-29.796878803488976,-32.374932146578644,drop,Sterna hirundo,Common Tern,0.18671858310699463,0.18671858310699463,drop,0,,,
falco_peregrinus,800702,Falco peregrinus,/Users/justyna-przy/Projects/ISE/FYP/src/dataset/bird_data/raw/falco_peregrinus/XC800702.mp3,7.0,10.0,-32.24230507972459,-32.374932146578644,drop,Micropygia schomburgkii,Ocellated Crake,0.13779762387275696,0.13779762387275696,drop,0,,,
falco_peregrinus,800702,Falco peregrinus,/Users/justyna-przy/Projects/ISE/FYP/src/dataset/bird_data/raw/falco_peregrinus/XC800702.mp3,10.0,13.0,-32.21918293671699,-32.374932146578644,non_bird,,,0.0,0.0,non_bird,1,nonbird_lowconf,/Users/justyna-przy/Projects/ISE/FYP/src/dataset/bird_data/clips/non_bird/falco_peregrinus/XC800702__s10000__e13000.wav,
falco_peregrinus,800702,Falco peregrinus,/Users/justyna-przy/Projects/ISE/FYP/src/dataset/bird_data/raw/falco_peregrinus/XC800702.mp3,13.0,16.0,-31.73568370006724,-32.374932146578644,drop,Falco femoralis,Aplomado Falcon,0.13798245787620544,0.13798245787620544,drop,0,,,
falco_peregrinus,800702,Falco peregrinus,/Users/justyna-przy/Projects/ISE/FYP/src/dataset/bird_data/raw/falco_peregrinus/XC800702.mp3,19.0,22.0,-30.42458519248184,-32.374932146578644,non_bird,,,0.0,0.0,non_bird,1,nonbird_lowconf,/Users/justyna-przy/Projects/ISE/FYP/src/dataset/bird_data/clips/non_bird/falco_peregrinus/XC800702__s19000__e22000.wav,
falco_peregrinus,691153,Falco peregrinus,/Users/justyna-przy/Projects/ISE/FYP/src/dataset/bird_data/raw/falco_peregrinus/XC691153.mp3,16.0,19.0,-34.20933751281788,-36.44645872334173,species,Falco peregrinus,Peregrine Falcon,0.9930185675621033,0.9930185675621033,species,1,rand_species,/Users/justyna-przy/Projects/ISE/FYP/src/dataset/bird_data/clips/species/falco_peregrinus/XC691153__s16000__e19000.wav,
falco_peregrinus,691153,Falco peregrinus,/Users/justyna-przy/Projects/ISE/FYP/src/dataset/bird_data/raw/falco_peregrinus/XC691153.mp3,25.0,28.0,-32.02966218674649,-36.44645872334173,species,Falco peregrinus,Peregrine Falcon,0.9938271641731262,0.9938271641731262,species,0,,,
falco_peregrinus,691153,Falco peregrinus,/Users/justyna-przy/Projects/ISE/FYP/src/dataset/bird_data/raw/falco_peregrinus/XC691153.mp3,28.0,31.0,-31.45484760769548,-36.44645872334173,species,Falco peregrinus,Peregrine Falcon,0.9995418787002563,0.9995418787002563,species,1,rand_species,/Users/justyna-przy/Projects/ISE/FYP/src/dataset/bird_data/clips/species/falco_peregrinus/XC691153__s28000__e31000.wav,
falco_peregrinus,691153,Falco peregrinus,/Users/justyna-przy/Projects/ISE/FYP/src/dataset/bird_data/raw/falco_peregrinus/XC691153.mp3,34.0,37.0,-34.37864179611734,-36.44645872334173,species,Falco peregrinus,Peregrine Falcon,0.8920271992683411,0.8920271992683411,species,1,rand_species,/Users/justyna-przy/Projects/ISE/FYP/src/dataset/bird_data/clips/species/falco_peregrinus/XC691153__s34000__e37000.wav,
falco_peregrinus,691153,Falco peregrinus,/Users/justyna-przy/Projects/ISE/FYP/src/dataset/bird_data/raw/falco_peregrinus/XC691153.mp3,37.0,40.0,-29.44254860626964,-36.44645872334173,species,Falco peregrinus,Peregrine Falcon,0.9994656443595886,0.9994656443595886,species,0,,,
falco_peregrinus,691153,Falco peregrinus,/Users/justyna-przy/Projects/ISE/FYP/src/dataset/bird_data/raw/falco_peregrinus/XC691153.mp3,40.0,43.0,-27.953166312723866,-36.44645872334173,species,Falco peregrinus,Peregrine Falcon,0.9999909400939941,0.9999909400939941,species,0,,,
falco_peregrinus,737584,Falco peregrinus,/Users/justyna-przy/Projects/ISE/FYP/src/dataset/bird_data/raw/falco_peregrinus/XC737584.mp3,4.0,7.0,-26.90415124297731,-30.201827056035317,species,Falco peregrinus,Peregrine Falcon,0.9981608986854553,0.9981608986854553,species,1,rand_species,/Users/justyna-przy/Projects/ISE/FYP/src/dataset/bird_data/clips/species/falco_peregrinus/XC737584__s4000__e7000.wav,
falco_peregrinus,737584,Falco peregrinus,/Users/justyna-przy/Projects/ISE/FYP/src/dataset/bird_data/raw/falco_peregrinus/XC737584.mp3,7.0,10.0,-16.358648162004982,-30.201827056035317,species,Falco peregrinus,Peregrine Falcon,0.9993614554405212,0.9993614554405212,species,1,rand_species,/Users/justyna-przy/Projects/ISE/FYP/src/dataset/bird_data/clips/species/falco_peregrinus/XC737584__s7000__e10000.wav,
falco_peregrinus,493703,Falco peregrinus,/Users/justyna-przy/Projects/ISE/FYP/src/dataset/bird_data/raw/falco_peregrinus/XC493703.mp3,1.0,4.0,-32.44445549473515,-35.33936362261877,species,Falco peregrinus,Peregrine Falcon,0.9095548391342163,0.9095548391342163,species,1,rand_species,/Users/justyna-przy/Projects/ISE/FYP/src/dataset/bird_data/clips/species/falco_peregrinus/XC493703__s1000__e4000.wav,
falco_peregrinus,1048209,Falco peregrinus,/Users/justyna-przy/Projects/ISE/FYP/src/dataset/bird_data/raw/falco_peregrinus/XC1048209.mp3,1.0,4.0,-55.37264660743732,-40.0,species,Falco peregrinus,Peregrine Falcon,0.9952577948570251,0.9952577948570251,species,1,rand_species,/Users/justyna-przy/Projects/ISE/FYP/src/dataset/bird_data/clips/species/falco_peregrinus/XC1048209__s1000__e4000.wav,
falco_peregrinus,1055610,Falco peregrinus,/Users/justyna-przy/Projects/ISE/FYP/src/dataset/bird_data/raw/falco_peregrinus/XC1055610.mp3,1.0,4.0,-31.98047298953174,-32.23486496450543,species,Falco peregrinus,Peregrine Falcon,0.9263672232627869,0.9263672232627869,species,1,rand_species,/Users/justyna-przy/Projects/ISE/FYP/src/dataset/bird_data/clips/species/falco_peregrinus/XC1055610__s1000__e4000.wav,
falco_peregrinus,776636,Falco peregrinus,/Users/justyna-przy/Projects/ISE/FYP/src/dataset/bird_data/raw/falco_peregrinus/XC776636.mp3,1.0,4.0,-23.06707930446227,-25.622083052421363,species,Falco peregrinus,Peregrine Falcon,0.8025147318840027,0.8025147318840027,species,1,rand_species,/Users/justyna-przy/Projects/ISE/FYP/src/dataset/bird_data/clips/species/falco_peregrinus/XC776636__s1000__e4000.wav,
falco_peregrinus,776636,Falco peregrinus,/Users/justyna-przy/Projects/ISE/FYP/src/dataset/bird_data/raw/falco_peregrinus/XC776636.mp3,4.0,7.0,-25.14118822444199,-25.622083052421363,species,Falco peregrinus,Peregrine Falcon,0.8502945303916931,0.8502945303916931,species,0,,,
falco_peregrinus,776636,Falco peregrinus,/Users/justyna-przy/Projects/ISE/FYP/src/dataset/bird_data/raw/falco_peregrinus/XC776636.mp3,7.0,10.0,-24.640740610997078,-25.622083052421363,species,Falco peregrinus,Peregrine Falcon,0.9990602135658264,0.9990602135658264,species,1,rand_species,/Users/justyna-przy/Projects/ISE/FYP/src/dataset/bird_data/clips/species/falco_peregrinus/XC776636__s7000__e10000.wav,
falco_peregrinus,776636,Falco peregrinus,/Users/justyna-przy/Projects/ISE/FYP/src/dataset/bird_data/raw/falco_peregrinus/XC776636.mp3,10.0,13.0,-25.04345904513013,-25.622083052421363,species,Falco peregrinus,Peregrine Falcon,0.9885852932929993,0.9885852932929993,species,1,rand_species,/Users/justyna-przy/Projects/ISE/FYP/src/dataset/bird_data/clips/species/falco_peregrinus/XC776636__s10000__e13000.wav,
falco_peregrinus,776636,Falco peregrinus,/Users/justyna-przy/Projects/ISE/FYP/src/dataset/bird_data/raw/falco_peregrinus/XC776636.mp3,16.0,19.0,-25.49412746878224,-25.622083052421363,non_bird,,,0.0,0.0,non_bird,1,nonbird_lowconf,/Users/justyna-przy/Projects/ISE/FYP/src/dataset/bird_data/clips/non_bird/falco_peregrinus/XC776636__s16000__e19000.wav,
falco_peregrinus,776636,Falco peregrinus,/Users/justyna-przy/Projects/ISE/FYP/src/dataset/bird_data/raw/falco_peregrinus/XC776636.mp3,25.0,28.0,-22.649986031615267,-25.622083052421363,drop,Erithacus rubecula,European Robin,0.6085414886474609,0.6085414886474609,drop,0,,,
falco_peregrinus,700508,Falco peregrinus,/Users/justyna-przy/Projects/ISE/FYP/src/dataset/bird_data/raw/falco_peregrinus/XC700508.mp3,1.0,4.0,-67.33023822343279,-40.0,drop,Falco peregrinus,Peregrine Falcon,0.15918587148189545,0.15918587148189545,drop,0,,,
falco_peregrinus,757590,Falco peregrinus,/Users/justyna-przy/Projects/ISE/FYP/src/dataset/bird_data/raw/falco_peregrinus/XC757590.mp3,1.0,4.0,-53.38590004922163,-40.0,species,Falco peregrinus,Peregrine Falcon,0.8081843852996826,0.8081843852996826,species,1,rand_species,/Users/justyna-przy/Projects/ISE/FYP/src/dataset/bird_data/clips/species/falco_peregrinus/XC757590__s1000__e4000.wav,
falco_peregrinus,107109,Falco peregrinus,/Users/justyna-przy/Projects/ISE/FYP/src/dataset/bird_data/raw/falco_peregrinus/XC107109.mp3,4.0,7.0,-35.83189562222853,-39.61542132968187,species,Falco peregrinus,Peregrine Falcon,0.865887463092804,0.865887463092804,species,0,,,
falco_peregrinus,107109,Falco peregrinus,/Users/justyna-przy/Projects/ISE/FYP/src/dataset/bird_data/raw/falco_peregrinus/XC107109.mp3,7.0,10.0,-30.171251309550673,-39.61542132968187,species,Falco peregrinus,Peregrine Falcon,0.9611963033676147,0.9611963033676147,species,1,rand_species,/Users/justyna-przy/Projects/ISE/FYP/src/dataset/bird_data/clips/species/falco_peregrinus/XC107109__s7000__e10000.wav,
falco_peregrinus,107109,Falco peregrinus,/Users/justyna-przy/Projects/ISE/FYP/src/dataset/bird_data/raw/falco_peregrinus/XC107109.mp3,10.0,13.0,-32.41896380975121,-39.61542132968187,species,Falco peregrinus,Peregrine Falcon,0.8982375264167786,0.8982375264167786,species,0,,,
falco_peregrinus,107109,Falco peregrinus,/Users/justyna-przy/Projects/ISE/FYP/src/dataset/bird_data/raw/falco_peregrinus/XC107109.mp3,16.0,19.0,-36.19255826735205,-39.61542132968187,species,Falco peregrinus,Peregrine Falcon,0.45497503876686096,0.45497503876686096,species,1,rand_species,/Users/justyna-przy/Projects/ISE/FYP/src/dataset/bird_data/clips/species/falco_peregrinus/XC107109__s16000__e19000.wav,
falco_peregrinus,107109,Falco peregrinus,/Users/justyna-przy/Projects/ISE/FYP/src/dataset/bird_data/raw/falco_peregrinus/XC107109.mp3,19.0,22.0,-35.76373684130209,-39.61542132968187,species,Falco peregrinus,Peregrine Falcon,0.6844874024391174,0.6844874024391174,species,0,,,
falco_peregrinus,107109,Falco peregrinus,/Users/justyna-przy/Projects/ISE/FYP/src/dataset/bird_data/raw/falco_peregrinus/XC107109.mp3,22.0,25.0,-38.811892227550715,-39.61542132968187,species,Falco peregrinus,Peregrine Falcon,0.7392571568489075,0.7392571568489075,species,1,rand_species,/Users/justyna-przy/Projects/ISE/FYP/src/dataset/bird_data/clips/species/falco_peregrinus/XC107109__s22000__e25000.wav,
falco_peregrinus,800701,Falco peregrinus,/Users/justyna-przy/Projects/ISE/FYP/src/dataset/bird_data/raw/falco_peregrinus/XC800701.mp3,1.0,4.0,-38.872879287886896,-39.9896417417893,species,Falco peregrinus,Peregrine Falcon,0.31115156412124634,0.31115156412124634,species,1,rand_species,/Users/justyna-przy/Projects/ISE/FYP/src/dataset/bird_data/clips/species/falco_peregrinus/XC800701__s1000__e4000.wav,
falco_peregrinus,800701,Falco peregrinus,/Users/justyna-przy/Projects/ISE/FYP/src/dataset/bird_data/raw/falco_peregrinus/XC800701.mp3,7.0,10.0,-36.51125704635685,-39.9896417417893,drop,Falco femoralis,Aplomado Falcon,0.6257483959197998,0.6257483959197998,drop,0,,,
falco_peregrinus,800701,Falco peregrinus,/Users/justyna-przy/Projects/ISE/FYP/src/dataset/bird_data/raw/falco_peregrinus/XC800701.mp3,10.0,13.0,-37.664046145389364,-39.9896417417893,non_bird,,,0.0,0.0,non_bird,1,nonbird_lowconf,/Users/justyna-przy/Projects/ISE/FYP/src/dataset/bird_data/clips/non_bird/falco_peregrinus/XC800701__s10000__e13000.wav,
falco_peregrinus,800701,Falco peregrinus,/Users/justyna-przy/Projects/ISE/FYP/src/dataset/bird_data/raw/falco_peregrinus/XC800701.mp3,13.0,16.0,-36.494155897367776,-39.9896417417893,species,Falco peregrinus,Peregrine Falcon,0.5290160179138184,0.5290160179138184,species,1,rand_species,/Users/justyna-przy/Projects/ISE/FYP/src/dataset/bird_data/clips/species/falco_peregrinus/XC800701__s13000__e16000.wav,
falco_peregrinus,800701,Falco peregrinus,/Users/justyna-przy/Projects/ISE/FYP/src/dataset/bird_data/raw/falco_peregrinus/XC800701.mp3,22.0,25.0,-39.15160813508509,-39.9896417417893,species,Falco peregrinus,Peregrine Falcon,0.686180591583252,0.686180591583252,species,1,rand_species,/Users/justyna-przy/Projects/ISE/FYP/src/dataset/bird_data/clips/species/falco_peregrinus/XC800701__s22000__e25000.wav,
falco_peregrinus,690625,Falco peregrinus,/Users/justyna-przy/Projects/ISE/FYP/src/dataset/bird_data/raw/falco_peregrinus/XC690625.mp3,1.0,4.0,-30.592354694544632,-32.71247134511883,species,Falco peregrinus,Peregrine Falcon,0.9997515082359314,0.9997515082359314,species,1,rand_species,/Users/justyna-przy/Projects/ISE/FYP/src/dataset/bird_data/clips/species/falco_peregrinus/XC690625__s1000__e4000.wav,
falco_peregrinus,690625,Falco peregrinus,/Users/justyna-przy/Projects/ISE/FYP/src/dataset/bird_data/raw/falco_peregrinus/XC690625.mp3,4.0,7.0,-32.58624208010603,-32.71247134511883,species,Falco peregrinus,Peregrine Falcon,0.9999017715454102,0.9999017715454102,species,1,rand_species,/Users/justyna-przy/Projects/ISE/FYP/src/dataset/bird_data/clips/species/falco_peregrinus/XC690625__s4000__e7000.wav,
falco_peregrinus,690625,Falco peregrinus,/Users/justyna-przy/Projects/ISE/FYP/src/dataset/bird_data/raw/falco_peregrinus/XC690625.mp3,10.0,13.0,-31.998810156525302,-32.71247134511883,species,Falco peregrinus,Peregrine Falcon,0.9999321699142456,0.9999321699142456,species,1,rand_species,/Users/justyna-przy/Projects/ISE/FYP/src/dataset/bird_data/clips/species/falco_peregrinus/XC690625__s10000__e13000.wav,
falco_peregrinus,690625,Falco peregrinus,/Users/justyna-przy/Projects/ISE/FYP/src/dataset/bird_data/raw/falco_peregrinus/XC690625.mp3,13.0,16.0,-29.197167669397576,-32.71247134511883,species,Falco peregrinus,Peregrine Falcon,0.9998315572738647,0.9998315572738647,species,0,,,
falco_peregrinus,690625,Falco peregrinus,/Users/justyna-przy/Projects/ISE/FYP/src/dataset/bird_data/raw/falco_peregrinus/XC690625.mp3,16.0,19.0,-26.598259330663243,-32.71247134511883,species,Falco peregrinus,Peregrine Falcon,0.999496340751648,0.999496340751648,species,0,,,
falco_peregrinus,690625,Falco peregrinus,/Users/justyna-przy/Projects/ISE/FYP/src/dataset/bird_data/raw/falco_peregrinus/XC690625.mp3,19.0,22.0,-30.936581103350886,-32.71247134511883,species,Falco peregrinus,Peregrine Falcon,0.9999370574951172,0.9999370574951172,species,0,,,
falco_peregrinus,582321,Falco peregrinus,/Users/justyna-przy/Projects/ISE/FYP/src/dataset/bird_data/raw/falco_peregrinus/XC582321.mp3,1.0,4.0,-41.88502058439066,-40.0,species,Falco peregrinus,Peregrine Falcon,0.9890007972717285,0.9890007972717285,species,1,rand_species,/Users/justyna-przy/Projects/ISE/FYP/src/dataset/bird_data/clips/species/falco_peregrinus/XC582321__s1000__e4000.wav,
falco_peregrinus,493702,Falco peregrinus,/Users/justyna-przy/Projects/ISE/FYP/src/dataset/bird_data/raw/falco_peregrinus/XC493702.mp3,1.0,4.0,-32.956575759188674,-40.0,species,Falco peregrinus,Peregrine Falcon,0.7346640229225159,0.7346640229225159,species,1,rand_species,/Users/justyna-przy/Projects/ISE/FYP/src/dataset/bird_data/clips/species/falco_peregrinus/XC493702__s1000__e4000.wav,
falco_peregrinus,493702,Falco peregrinus,/Users/justyna-przy/Projects/ISE/FYP/src/dataset/bird_data/raw/falco_peregrinus/XC493702.mp3,4.0,7.0,-37.788122657202074,-40.0,species,Falco peregrinus,Peregrine Falcon,0.7504185438156128,0.7504185438156128,species,1,rand_species,/Users/justyna-przy/Projects/ISE/FYP/src/dataset/bird_data/clips/species/falco_peregrinus/XC493702__s4000__e7000.wav,
falco_peregrinus,493702,Falco peregrinus,/Users/justyna-przy/Projects/ISE/FYP/src/dataset/bird_data/raw/falco_peregrinus/XC493702.mp3,10.0,13.0,-32.960623647329335,-40.0,species,Falco peregrinus,Peregrine Falcon,0.964454710483551,0.964454710483551,species,1,rand_species,/Users/justyna-przy/Projects/ISE/FYP/src/dataset/bird_data/clips/species/falco_peregrinus/XC493702__s10000__e13000.wav,
falco_peregrinus,493702,Falco peregrinus,/Users/justyna-przy/Projects/ISE/FYP/src/dataset/bird_data/raw/falco_peregrinus/XC493702.mp3,13.0,16.0,-37.37379162812838,-40.0,species,Falco peregrinus,Peregrine Falcon,0.9543149471282959,0.9543149471282959,species,0,,,
falco_peregrinus,1042709,Falco peregrinus,/Users/justyna-przy/Projects/ISE/FYP/src/dataset/bird_data/raw/falco_peregrinus/XC1042709.mp3,22.0,25.0,-26.85508830986526,-29.582042077973593,species,Falco peregrinus,Peregrine Falcon,0.9669463634490967,0.9669463634490967,species,0,,,
falco_peregrinus,1042709,Falco peregrinus,/Users/justyna-przy/Projects/ISE/FYP/src/dataset/bird_data/raw/falco_peregrinus/XC1042709.mp3,25.0,28.0,-22.44269438037223,-29.582042077973593,species,Falco peregrinus,Peregrine Falcon,0.9945207834243774,0.9945207834243774,species,1,rand_species,/Users/justyna-przy/Projects/ISE/FYP/src/dataset/bird_data/clips/species/falco_peregrinus/XC1042709__s25000__e28000.wav,
falco_peregrinus,1042709,Falco peregrinus,/Users/justyna-przy/Projects/ISE/FYP/src/dataset/bird_data/raw/falco_peregrinus/XC1042709.mp3,28.0,31.0,-19.500879091158087,-29.582042077973593,species,Falco peregrinus,Peregrine Falcon,0.9808310866355896,0.9808310866355896,species,1,rand_species,/Users/justyna-przy/Projects/ISE/FYP/src/dataset/bird_data/clips/species/falco_peregrinus/XC1042709__s28000__e31000.wav,
falco_peregrinus,1042709,Falco peregrinus,/Users/justyna-przy/Projects/ISE/FYP/src/dataset/bird_data/raw/falco_peregrinus/XC1042709.mp3,31.0,34.0,-23.188162994768874,-29.582042077973593,species,Falco peregrinus,Peregrine Falcon,0.8886597752571106,0.8886597752571106,species,1,rand_species,/Users/justyna-przy/Projects/ISE/FYP/src/dataset/bird_data/clips/species/falco_peregrinus/XC1042709__s31000__e34000.wav,
falco_peregrinus,1042709,Falco peregrinus,/Users/justyna-przy/Projects/ISE/FYP/src/dataset/bird_data/raw/falco_peregrinus/XC1042709.mp3,34.0,37.0,-27.10145646083985,-29.582042077973593,species,Falco peregrinus,Peregrine Falcon,0.874483048915863,0.874483048915863,species,0,,,
falco_peregrinus,1042709,Falco peregrinus,/Users/justyna-przy/Projects/ISE/FYP/src/dataset/bird_data/raw/falco_peregrinus/XC1042709.mp3,40.0,43.0,-20.080838168250597,-29.582042077973593,species,Falco peregrinus,Peregrine Falcon,0.41328033804893494,0.41328033804893494,species,0,,,
falco_peregrinus,1055482,Falco peregrinus,/Users/justyna-przy/Projects/ISE/FYP/src/dataset/bird_data/raw/falco_peregrinus/XC1055482.mp3,1.0,4.0,-31.543298554868887,-33.64614743176535,species,Falco peregrinus,Peregrine Falcon,0.9159693121910095,0.9159693121910095,species,1,rand_species,/Users/justyna-przy/Projects/ISE/FYP/src/dataset/bird_data/clips/species/falco_peregrinus/XC1055482__s1000__e4000.wav,
falco_peregrinus,1055482,Falco peregrinus,/Users/justyna-przy/Projects/ISE/FYP/src/dataset/bird_data/raw/falco_peregrinus/XC1055482.mp3,7.0,10.0,-33.030403095281535,-33.64614743176535,species,Falco peregrinus,Peregrine Falcon,0.9360448122024536,0.9360448122024536,species,1,rand_species,/Users/justyna-przy/Projects/ISE/FYP/src/dataset/bird_data/clips/species/falco_peregrinus/XC1055482__s7000__e10000.wav,
falco_peregrinus,1055482,Falco peregrinus,/Users/justyna-przy/Projects/ISE/FYP/src/dataset/bird_data/raw/falco_peregrinus/XC1055482.mp3,10.0,13.0,-18.86528241852585,-33.64614743176535,drop,Colaptes pitius,Chilean Flicker,0.9842097759246826,0.9842097759246826,drop,0,,,
falco_peregrinus,605514,Falco peregrinus,/Users/justyna-przy/Projects/ISE/FYP/src/dataset/bird_data/raw/falco_peregrinus/XC605514.mp3,1.0,4.0,-31.689298989783715,-40.0,drop,Garrulus glandarius,Eurasian Jay,0.9952552914619446,0.9952552914619446,drop,0,,,
falco_peregrinus,605514,Falco peregrinus,/Users/justyna-przy/Projects/ISE/FYP/src/dataset/bird_data/raw/falco_peregrinus/XC605514.mp3,13.0,16.0,-37.23388307082947,-40.0,species,Falco peregrinus,Peregrine Falcon,0.41500481963157654,0.41500481963157654,species,1,rand_species,/Users/justyna-przy/Projects/ISE/FYP/src/dataset/bird_data/clips/species/falco_peregrinus/XC605514__s13000__e16000.wav,
falco_peregrinus,605514,Falco peregrinus,/Users/justyna-przy/Projects/ISE/FYP/src/dataset/bird_data/raw/falco_peregrinus/XC605514.mp3,19.0,22.0,-38.66094344969438,-40.0,non_bird,,,0.0,0.0,non_bird,1,nonbird_lowconf,/Users/justyna-przy/Projects/ISE/FYP/src/dataset/bird_data/clips/non_bird/falco_peregrinus/XC605514__s19000__e22000.wav,
falco_peregrinus,621841,Falco peregrinus,/Users/justyna-przy/Projects/ISE/FYP/src/dataset/bird_data/raw/falco_peregrinus/XC621841.mp3,10.0,13.0,-57.68410832325813,-40.0,drop,Geranoaetus melanoleucus,Black-chested Buzzard-Eagle,0.14572684466838837,0.14572684466838837,drop,0,,,
falco_peregrinus,708713,Falco peregrinus,/Users/justyna-przy/Projects/ISE/FYP/src/dataset/bird_data/raw/falco_peregrinus/XC708713.mp3,1.0,4.0,-31.32731581689363,-37.7849003896492,drop,Falco peregrinus,Peregrine Falcon,0.2878701984882355,0.2878701984882355,drop,0,,,
falco_peregrinus,708713,Falco peregrinus,/Users/justyna-przy/Projects/ISE/FYP/src/dataset/bird_data/raw/falco_peregrinus/XC708713.mp3,4.0,7.0,-30.66669358646328,-37.7849003896492,species,Falco peregrinus,Peregrine Falcon,0.7945983409881592,0.7945983409881592,species,1,rand_species,/Users/justyna-przy/Projects/ISE/FYP/src/dataset/bird_data/clips/species/falco_peregrinus/XC708713__s4000__e7000.wav,
falco_peregrinus,996598,Falco peregrinus,/Users/justyna-przy/Projects/ISE/FYP/src/dataset/bird_data/raw/falco_peregrinus/XC996598.mp3,1.0,4.0,-37.41589360334379,-40.0,drop,Synoicus ypsilophorus,Brown Quail,0.2236490696668625,0.2236490696668625,drop,0,,,
falco_peregrinus,996598,Falco peregrinus,/Users/justyna-przy/Projects/ISE/FYP/src/dataset/bird_data/raw/falco_peregrinus/XC996598.mp3,4.0,7.0,-37.851569408257646,-40.0,drop,Falco peregrinus,Peregrine Falcon,0.15726222097873688,0.15726222097873688,drop,0,,,
falco_peregrinus,996598,Falco peregrinus,/Users/justyna-przy/Projects/ISE/FYP/src/dataset/bird_data/raw/falco_peregrinus/XC996598.mp3,10.0,13.0,-38.800186378022325,-40.0,drop,Circus pygargus,Montagu's Harrier,0.13504497706890106,0.13504497706890106,drop,0,,,
falco_peregrinus,996598,Falco peregrinus,/Users/justyna-przy/Projects/ISE/FYP/src/dataset/bird_data/raw/falco_peregrinus/XC996598.mp3,16.0,19.0,-39.99100857981277,-40.0,drop,Linaria cannabina,Eurasian Linnet,0.1263054758310318,0.1263054758310318,drop,0,,,
falco_peregrinus,744976,Falco peregrinus,/Users/justyna-przy/Projects/ISE/FYP/src/dataset/bird_data/raw/falco_peregrinus/XC744976.mp3,1.0,4.0,-37.73243717005384,-40.0,species,Falco peregrinus,Peregrine Falcon,0.8809319138526917,0.8809319138526917,species,1,rand_species,/Users/justyna-przy/Projects/ISE/FYP/src/dataset/bird_data/clips/species/falco_peregrinus/XC744976__s1000__e4000.wav,
falco_peregrinus,690623,Falco peregrinus,/Users/justyna-przy/Projects/ISE/FYP/src/dataset/bird_data/raw/falco_peregrinus/XC690623.mp3,11.0,14.0,-34.94798361140358,-35.68618006163807,species,Falco peregrinus,Peregrine Falcon,0.9770404100418091,0.9770404100418091,species,0,,,
falco_peregrinus,690623,Falco peregrinus,/Users/justyna-przy/Projects/ISE/FYP/src/dataset/bird_data/raw/falco_peregrinus/XC690623.mp3,14.0,17.0,-34.62267450917356,-35.68618006163807,species,Falco peregrinus,Peregrine Falcon,0.9496611952781677,0.9496611952781677,species,1,rand_species,/Users/justyna-przy/Projects/ISE/FYP/src/dataset/bird_data/clips/species/falco_peregrinus/XC690623__s14000__e17000.wav,
falco_peregrinus,690623,Falco peregrinus,/Users/justyna-przy/Projects/ISE/FYP/src/dataset/bird_data/raw/falco_peregrinus/XC690623.mp3,17.0,20.0,-35.57495900993251,-35.68618006163807,species,Falco peregrinus,Peregrine Falcon,0.9989438652992249,0.9989438652992249,species,1,rand_species,/Users/justyna-przy/Projects/ISE/FYP/src/dataset/bird_data/clips/species/falco_peregrinus/XC690623__s17000__e20000.wav,
falco_peregrinus,690623,Falco peregrinus,/Users/justyna-przy/Projects/ISE/FYP/src/dataset/bird_data/raw/falco_peregrinus/XC690623.mp3,20.0,23.0,-33.97223520694186,-35.68618006163807,species,Falco peregrinus,Peregrine Falcon,0.9958584904670715,0.9958584904670715,species,1,rand_species,/Users/justyna-przy/Projects/ISE/FYP/src/dataset/bird_data/clips/species/falco_peregrinus/XC690623__s20000__e23000.wav,
falco_peregrinus,690623,Falco peregrinus,/Users/justyna-przy/Projects/ISE/FYP/src/dataset/bird_data/raw/falco_peregrinus/XC690623.mp3,29.0,32.0,-35.58946548061727,-35.68618006163807,species,Falco peregrinus,Peregrine Falcon,0.9996795654296875,0.9996795654296875,species,0,,,
falco_peregrinus,690623,Falco peregrinus,/Users/justyna-przy/Projects/ISE/FYP/src/dataset/bird_data/raw/falco_peregrinus/XC690623.mp3,35.0,38.0,-34.78969673790218,-35.68618006163807,species,Falco peregrinus,Peregrine Falcon,0.9988559484481812,0.9988559484481812,species,0,,,
falco_peregrinus,447133,Falco peregrinus,/Users/justyna-przy/Projects/ISE/FYP/src/dataset/bird_data/raw/falco_peregrinus/XC447133.mp3,1.0,4.0,-24.038566407676374,-24.87668788267538,species,Falco peregrinus,Peregrine Falcon,0.9981671571731567,0.9981671571731567,species,1,rand_species,/Users/justyna-przy/Projects/ISE/FYP/src/dataset/bird_data/clips/species/falco_peregrinus/XC447133__s1000__e4000.wav,
falco_peregrinus,447133,Falco peregrinus,/Users/justyna-przy/Projects/ISE/FYP/src/dataset/bird_data/raw/falco_peregrinus/XC447133.mp3,4.0,7.0,-24.551996762469663,-24.87668788267538,species,Falco peregrinus,Peregrine Falcon,0.9993051290512085,0.9993051290512085,species,1,rand_species,/Users/justyna-przy/Projects/ISE/FYP/src/dataset/bird_data/clips/species/falco_peregrinus/XC447133__s4000__e7000.wav,
falco_peregrinus,447133,Falco peregrinus,/Users/justyna-przy/Projects/ISE/FYP/src/dataset/bird_data/raw/falco_peregrinus/XC447133.mp3,10.0,13.0,-24.298395097270053,-24.87668788267538,species,Falco peregrinus,Peregrine Falcon,0.9993128776550293,0.9993128776550293,species,1,rand_species,/Users/justyna-przy/Projects/ISE/FYP/src/dataset/bird_data/clips/species/falco_peregrinus/XC447133__s10000__e13000.wav,
falco_peregrinus,493700,Falco peregrinus,/Users/justyna-przy/Projects/ISE/FYP/src/dataset/bird_data/raw/falco_peregrinus/XC493700.mp3,1.0,4.0,-27.045080126204276,-27.557867936539942,species,Falco peregrinus,Peregrine Falcon,0.9998078942298889,0.9998078942298889,species,1,rand_species,/Users/justyna-przy/Projects/ISE/FYP/src/dataset/bird_data/clips/species/falco_peregrinus/XC493700__s1000__e4000.wav,
falco_peregrinus,493700,Falco peregrinus,/Users/justyna-przy/Projects/ISE/FYP/src/dataset/bird_data/raw/falco_peregrinus/XC493700.mp3,4.0,7.0,-25.387348071150782,-27.557867936539942,species,Falco peregrinus,Peregrine Falcon,0.9997636675834656,0.9997636675834656,species,1,rand_species,/Users/justyna-przy/Projects/ISE/FYP/src/dataset/bird_data/clips/species/falco_peregrinus/XC493700__s4000__e7000.wav,
falco_peregrinus,493700,Falco peregrinus,/Users/justyna-przy/Projects/ISE/FYP/src/dataset/bird_data/raw/falco_peregrinus/XC493700.mp3,7.0,10.0,-23.9002539756541,-27.557867936539942,species,Falco peregrinus,Peregrine Falcon,0.9833582043647766,0.9833582043647766,species,1,rand_species,/Users/justyna-przy/Projects/ISE/FYP/src/dataset/bird_data/clips/species/falco_peregrinus/XC493700__s7000__e10000.wav,
falco_peregrinus,1042458,Falco peregrinus,/Users/justyna-przy/Projects/ISE/FYP/src/dataset/bird_data/raw/falco_peregrinus/XC1042458.mp3,1.0,4.0,-35.015908558776346,-35.015908558776346,species,Falco peregrinus,Peregrine Falcon,0.9892075657844543,0.9892075657844543,species,1,rand_species,/Users/justyna-przy/Projects/ISE/FYP/src/dataset/bird_data/clips/species/falco_peregrinus/XC1042458__s1000__e4000.wav,
falco_peregrinus,1055459,Falco peregrinus,/Users/justyna-przy/Projects/ISE/FYP/src/dataset/bird_data/raw/falco_peregrinus/XC1055459.mp3,1.0,4.0,-22.33636046914925,-22.33636046914925,species,Falco peregrinus,Peregrine Falcon,0.902286946773529,0.902286946773529,species,1,rand_species,/Users/justyna-przy/Projects/ISE/FYP/src/dataset/bird_data/clips/species/falco_peregrinus/XC1055459__s1000__e4000.wav,
falco_peregrinus,605389,Falco peregrinus,/Users/justyna-przy/Projects/ISE/FYP/src/dataset/bird_data/raw/falco_peregrinus/XC605389.mp3,,,,,,,,,,drop,0,,,no_windows
falco_peregrinus,308293,Falco peregrinus,/Users/justyna-przy/Projects/ISE/FYP/src/dataset/bird_data/raw/falco_peregrinus/XC308293.mp3,6.0,9.0,-36.87932865459011,-40.0,species,Falco peregrinus,Peregrine Falcon,0.9915069937705994,0.9915069937705994,species,1,rand_species,/Users/justyna-przy/Projects/ISE/FYP/src/dataset/bird_data/clips/species/falco_peregrinus/XC308293__s6000__e9000.wav,
falco_peregrinus,308293,Falco peregrinus,/Users/justyna-przy/Projects/ISE/FYP/src/dataset/bird_data/raw/falco_peregrinus/XC308293.mp3,12.0,15.0,-32.68073220886532,-40.0,species,Falco peregrinus,Peregrine Falcon,0.9904084205627441,0.9904084205627441,species,1,rand_species,/Users/justyna-przy/Projects/ISE/FYP/src/dataset/bird_data/clips/species/falco_peregrinus/XC308293__s12000__e15000.wav,
falco_peregrinus,308293,Falco peregrinus,/Users/justyna-przy/Projects/ISE/FYP/src/dataset/bird_data/raw/falco_peregrinus/XC308293.mp3,24.0,27.0,-39.89435178196967,-40.0,species,Falco peregrinus,Peregrine Falcon,0.49947839975357056,0.49947839975357056,species,1,rand_species,/Users/justyna-przy/Projects/ISE/FYP/src/dataset/bird_data/clips/species/falco_peregrinus/XC308293__s24000__e27000.wav,
falco_peregrinus,308293,Falco peregrinus,/Users/justyna-przy/Projects/ISE/FYP/src/dataset/bird_data/raw/falco_peregrinus/XC308293.mp3,27.0,30.0,-39.24306100574285,-40.0,non_bird,,,0.0,0.0,non_bird,1,nonbird_lowconf,/Users/justyna-przy/Projects/ISE/FYP/src/dataset/bird_data/clips/non_bird/falco_peregrinus/XC308293__s27000__e30000.wav,
falco_peregrinus,308293,Falco peregrinus,/Users/justyna-przy/Projects/ISE/FYP/src/dataset/bird_data/raw/falco_peregrinus/XC308293.mp3,30.0,33.0,-37.687817472370725,-40.0,non_bird,,,0.0,0.0,non_bird,1,nonbird_lowconf,/Users/justyna-przy/Projects/ISE/FYP/src/dataset/bird_data/clips/non_bird/falco_peregrinus/XC308293__s30000__e33000.wav,
falco_peregrinus,707152,Falco peregrinus,/Users/justyna-przy/Projects/ISE/FYP/src/dataset/bird_data/raw/falco_peregrinus/XC707152.mp3,1.0,4.0,-40.2113186857956,-40.0,species,Falco peregrinus,Peregrine Falcon,0.9500243067741394,0.9500243067741394,species,1,rand_species,/Users/justyna-przy/Projects/ISE/FYP/src/dataset/bird_data/clips/species/falco_peregrinus/XC707152__s1000__e4000.wav,
falco_peregrinus,996597,Falco peregrinus,/Users/justyna-przy/Projects/ISE/FYP/src/dataset/bird_data/raw/falco_peregrinus/XC996597.mp3,1.0,4.0,-38.18413599829866,-40.0,species,Falco peregrinus,Peregrine Falcon,0.7633138298988342,0.7633138298988342,species,1,rand_species,/Users/justyna-przy/Projects/ISE/FYP/src/dataset/bird_data/clips/species/falco_peregrinus/XC996597__s1000__e4000.wav,
falco_peregrinus,996597,Falco peregrinus,/Users/justyna-przy/Projects/ISE/FYP/src/dataset/bird_data/raw/falco_peregrinus/XC996597.mp3,4.0,7.0,-38.95489570021835,-40.0,drop,Troglodytes troglodytes,Eurasian Wren,0.9077316522598267,0.9077316522598267,drop,0,,,
falco_peregrinus,996597,Falco peregrinus,/Users/justyna-przy/Projects/ISE/FYP/src/dataset/bird_data/raw/falco_peregrinus/XC996597.mp3,16.0,19.0,-35.580312813447186,-40.0,drop,Troglodytes troglodytes,Eurasian Wren,0.7216433882713318,0.7216433882713318,drop,0,,,
falco_peregrinus,691151,Falco peregrinus,/Users/justyna-przy/Projects/ISE/FYP/src/dataset/bird_data/raw/falco_peregrinus/XC691151.mp3,24.0,27.0,-32.88231897920576,-37.050946595662516,species,Falco peregrinus,Peregrine Falcon,0.9478850364685059,0.9478850364685059,species,0,,,
falco_peregrinus,691151,Falco peregrinus,/Users/justyna-przy/Projects/ISE/FYP/src/dataset/bird_data/raw/falco_peregrinus/XC691151.mp3,30.0,33.0,-27.949203572848948,-37.050946595662516,species,Falco peregrinus,Peregrine Falcon,0.9978038668632507,0.9978038668632507,species,1,rand_species,/Users/justyna-przy/Projects/ISE/FYP/src/dataset/bird_data/clips/species/falco_peregrinus/XC691151__s30000__e33000.wav,
falco_peregrinus,691151,Falco peregrinus,/Users/justyna-przy/Projects/ISE/FYP/src/dataset/bird_data/raw/falco_peregrinus/XC691151.mp3,33.0,36.0,-27.06583058797561,-37.050946595662516,species,Falco peregrinus,Peregrine Falcon,0.9999436140060425,0.9999436140060425,species,1,rand_species,/Users/justyna-przy/Projects/ISE/FYP/src/dataset/bird_data/clips/species/falco_peregrinus/XC691151__s33000__e36000.wav,
falco_peregrinus,691151,Falco peregrinus,/Users/justyna-przy/Projects/ISE/FYP/src/dataset/bird_data/raw/falco_peregrinus/XC691151.mp3,36.0,39.0,-33.60444221308222,-37.050946595662516,species,Falco peregrinus,Peregrine Falcon,0.9999157190322876,0.9999157190322876,species,0,,,
falco_peregrinus,691151,Falco peregrinus,/Users/justyna-przy/Projects/ISE/FYP/src/dataset/bird_data/raw/falco_peregrinus/XC691151.mp3,42.0,45.0,-33.70874888721406,-37.050946595662516,species,Falco peregrinus,Peregrine Falcon,0.9861289858818054,0.9861289858818054,species,1,rand_species,/Users/justyna-przy/Projects/ISE/FYP/src/dataset/bird_data/clips/species/falco_peregrinus/XC691151__s42000__e45000.wav,
falco_peregrinus,691151,Falco peregrinus,/Users/justyna-przy/Projects/ISE/FYP/src/dataset/bird_data/raw/falco_peregrinus/XC691151.mp3,45.0,48.0,-27.804285440559116,-37.050946595662516,species,Falco peregrinus,Peregrine Falcon,0.9999678134918213,0.9999678134918213,species,0,,,
falco_peregrinus,571136,Falco peregrinus,/Users/justyna-przy/Projects/ISE/FYP/src/dataset/bird_data/raw/falco_peregrinus/XC571136.mp3,1.0,4.0,-31.204666323123156,-34.32203197887196,species,Falco peregrinus,Peregrine Falcon,0.9994891881942749,0.9994891881942749,species,1,rand_species,/Users/justyna-przy/Projects/ISE/FYP/src/dataset/bird_data/clips/species/falco_peregrinus/XC571136__s1000__e4000.wav,
falco_peregrinus,571136,Falco peregrinus,/Users/justyna-przy/Projects/ISE/FYP/src/dataset/bird_data/raw/falco_peregrinus/XC571136.mp3,4.0,7.0,-27.9208246383875,-34.32203197887196,species,Falco peregrinus,Peregrine Falcon,0.9998167157173157,0.9998167157173157,species,1,rand_species,/Users/justyna-przy/Projects/ISE/FYP/src/dataset/bird_data/clips/species/falco_peregrinus/XC571136__s4000__e7000.wav,
falco_peregrinus,571136,Falco peregrinus,/Users/justyna-przy/Projects/ISE/FYP/src/dataset/bird_data/raw/falco_peregrinus/XC571136.mp3,10.0,13.0,-33.572796026328724,-34.32203197887196,species,Falco peregrinus,Peregrine Falcon,0.9999409914016724,0.9999409914016724,species,1,rand_species,/Users/justyna-przy/Projects/ISE/FYP/src/dataset/bird_data/clips/species/falco_peregrinus/XC571136__s10000__e13000.wav,
falco_peregrinus,924255,Falco peregrinus,/Users/justyna-przy/Projects/ISE/FYP/src/dataset/bird_data/raw/falco_peregrinus/XC924255.mp3,7.0,10.0,-47.35204655698538,-40.0,drop,Rallus aquaticus,Water Rail,0.1997244656085968,0.1997244656085968,drop,0,,,
falco_peregrinus,374236,Falco peregrinus,/Users/justyna-przy/Projects/ISE/FYP/src/dataset/bird_data/raw/falco_peregrinus/XC374236.mp3,1.0,4.0,-26.682410837381497,-36.38456677698747,species,Falco peregrinus,Peregrine Falcon,0.9967389702796936,0.9967389702796936,species,0,,,
falco_peregrinus,374236,Falco peregrinus,/Users/justyna-przy/Projects/ISE/FYP/src/dataset/bird_data/raw/falco_peregrinus/XC374236.mp3,4.0,7.0,-26.622693058948542,-36.38456677698747,species,Falco peregrinus,Peregrine Falcon,0.9997449517250061,0.9997449517250061,species,0,,,
falco_peregrinus,374236,Falco peregrinus,/Users/justyna-przy/Projects/ISE/FYP/src/dataset/bird_data/raw/falco_peregrinus/XC374236.mp3,10.0,13.0,-28.800049276941927,-36.38456677698747,species,Falco peregrinus,Peregrine Falcon,0.9998712539672852,0.9998712539672852,species,0,,,
falco_peregrinus,374236,Falco peregrinus,/Users/justyna-przy/Projects/ISE/FYP/src/dataset/bird_data/raw/falco_peregrinus/XC374236.mp3,13.0,16.0,-33.34207437044766,-36.38456677698747,species,Falco peregrinus,Peregrine Falcon,0.9999394416809082,0.9999394416809082,species,1,rand_species,/Users/justyna-przy/Projects/ISE/FYP/src/dataset/bird_data/clips/species/falco_peregrinus/XC374236__s13000__e16000.wav,
falco_peregrinus,374236,Falco peregrinus,/Users/justyna-przy/Projects/ISE/FYP/src/dataset/bird_data/raw/falco_peregrinus/XC374236.mp3,16.0,19.0,-34.867764535013166,-36.38456677698747,species,Falco peregrinus,Peregrine Falcon,0.9997001886367798,0.9997001886367798,species,1,rand_species,/Users/justyna-przy/Projects/ISE/FYP/src/dataset/bird_data/clips/species/falco_peregrinus/XC374236__s16000__e19000.wav,
falco_peregrinus,374236,Falco peregrinus,/Users/justyna-przy/Projects/ISE/FYP/src/dataset/bird_data/raw/falco_peregrinus/XC374236.mp3,19.0,22.0,-30.043139444470746,-36.38456677698747,species,Falco peregrinus,Peregrine Falcon,0.9655017852783203,0.9655017852783203,species,1,rand_species,/Users/justyna-przy/Projects/ISE/FYP/src/dataset/bird_data/clips/species/falco_peregrinus/XC374236__s19000__e22000.wav,
falco_peregrinus,1041618,Falco peregrinus,/Users/justyna-przy/Projects/ISE/FYP/src/dataset/bird_data/raw/falco_peregrinus/XC1041618.mp3,4.0,7.0,-44.90685303526776,-40.0,non_bird,,,0.0,0.0,non_bird,1,nonbird_lowconf,/Users/justyna-przy/Projects/ISE/FYP/src/dataset/bird_data/clips/non_bird/falco_peregrinus/XC1041618__s4000__e7000.wav,
falco_peregrinus,1055458,Falco peregrinus,/Users/justyna-przy/Projects/ISE/FYP/src/dataset/bird_data/raw/falco_peregrinus/XC1055458.mp3,1.0,4.0,-19.949683774722658,-24.839418351230773,drop,Falco peregrinus,Peregrine Falcon,0.1828966736793518,0.1828966736793518,drop,0,,,
falco_peregrinus,1055458,Falco peregrinus,/Users/justyna-przy/Projects/ISE/FYP/src/dataset/bird_data/raw/falco_peregrinus/XC1055458.mp3,4.0,7.0,-23.9919677638518,-24.839418351230773,species,Falco peregrinus,Peregrine Falcon,0.6174315810203552,0.6174315810203552,species,1,rand_species,/Users/justyna-przy/Projects/ISE/FYP/src/dataset/bird_data/clips/species/falco_peregrinus/XC1055458__s4000__e7000.wav,
falco_peregrinus,305058,Falco peregrinus,/Users/justyna-przy/Projects/ISE/FYP/src/dataset/bird_data/raw/falco_peregrinus/XC305058.mp3,1.0,4.0,-34.065795792077665,-39.125027631364134,species,Falco peregrinus,Peregrine Falcon,0.9734993577003479,0.9734993577003479,species,0,,,
falco_peregrinus,305058,Falco peregrinus,/Users/justyna-przy/Projects/ISE/FYP/src/dataset/bird_data/raw/falco_peregrinus/XC305058.mp3,4.0,7.0,-37.06376886980833,-39.125027631364134,species,Falco peregrinus,Peregrine Falcon,0.9860986471176147,0.9860986471176147,species,1,rand_species,/Users/justyna-przy/Projects/ISE/FYP/src/dataset/bird_data/clips/species/falco_peregrinus/XC305058__s4000__e7000.wav,
falco_peregrinus,305058,Falco peregrinus,/Users/justyna-przy/Projects/ISE/FYP/src/dataset/bird_data/raw/falco_peregrinus/XC305058.mp3,7.0,10.0,-36.03321878501828,-39.125027631364134,species,Falco peregrinus,Peregrine Falcon,0.9973600506782532,0.9973600506782532,species,1,rand_species,/Users/justyna-przy/Projects/ISE/FYP/src/dataset/bird_data/clips/species/falco_peregrinus/XC305058__s7000__e10000.wav,
falco_peregrinus,305058,Falco peregrinus,/Users/justyna-przy/Projects/ISE/FYP/src/dataset/bird_data/raw/falco_peregrinus/XC305058.mp3,10.0,13.0,-36.719326698769464,-39.125027631364134,species,Falco peregrinus,Peregrine Falcon,0.9226763248443604,0.9226763248443604,species,0,,,
falco_peregrinus,305058,Falco peregrinus,/Users/justyna-przy/Projects/ISE/FYP/src/dataset/bird_data/raw/falco_peregrinus/XC305058.mp3,13.0,16.0,-38.49524324564972,-39.125027631364134,species,Falco peregrinus,Peregrine Falcon,0.995269238948822,0.995269238948822,species,1,rand_species,/Users/justyna-przy/Projects/ISE/FYP/src/dataset/bird_data/clips/species/falco_peregrinus/XC305058__s13000__e16000.wav,
falco_peregrinus,305058,Falco peregrinus,/Users/justyna-przy/Projects/ISE/FYP/src/dataset/bird_data/raw/falco_peregrinus/XC305058.mp3,19.0,22.0,-36.71312380153578,-39.125027631364134,species,Falco peregrinus,Peregrine Falcon,0.9812368154525757,0.9812368154525757,species,0,,,
falco_peregrinus,357724,Falco peregrinus,/Users/justyna-przy/Projects/ISE/FYP/src/dataset/bird_data/raw/falco_peregrinus/XC357724.mp3,4.0,7.0,-33.30018373532623,-39.61072416488735,species,Falco peregrinus,Peregrine Falcon,0.9986592531204224,0.9986592531204224,species,0,,,
falco_peregrinus,357724,Falco peregrinus,/Users/justyna-przy/Projects/ISE/FYP/src/dataset/bird_data/raw/falco_peregrinus/XC357724.mp3,7.0,10.0,-32.16378159056913,-39.61072416488735,species,Falco peregrinus,Peregrine Falcon,0.9753966331481934,0.9753966331481934,species,1,rand_species,/Users/justyna-przy/Projects/ISE/FYP/src/dataset/bird_data/clips/species/falco_peregrinus/XC357724__s7000__e10000.wav,
falco_peregrinus,357724,Falco peregrinus,/Users/justyna-przy/Projects/ISE/FYP/src/dataset/bird_data/raw/falco_peregrinus/XC357724.mp3,13.0,16.0,-37.750306471606045,-39.61072416488735,species,Falco peregrinus,Peregrine Falcon,0.9942885637283325,0.9942885637283325,species,0,,,
falco_peregrinus,357724,Falco peregrinus,/Users/justyna-przy/Projects/ISE/FYP/src/dataset/bird_data/raw/falco_peregrinus/XC357724.mp3,16.0,19.0,-34.3566142207099,-39.61072416488735,species,Falco peregrinus,Peregrine Falcon,0.8053351640701294,0.8053351640701294,species,1,rand_species,/Users/justyna-przy/Projects/ISE/FYP/src/dataset/bird_data/clips/species/falco_peregrinus/XC357724__s16000__e19000.wav,
falco_peregrinus,357724,Falco peregrinus,/Users/justyna-przy/Projects/ISE/FYP/src/dataset/bird_data/raw/falco_peregrinus/XC357724.mp3,19.0,22.0,-32.57671073221703,-39.61072416488735,species,Falco peregrinus,Peregrine Falcon,0.9693292379379272,0.9693292379379272,species,1,rand_species,/Users/justyna-przy/Projects/ISE/FYP/src/dataset/bird_data/clips/species/falco_peregrinus/XC357724__s19000__e22000.wav,
falco_peregrinus,996596,Falco peregrinus,/Users/justyna-przy/Projects/ISE/FYP/src/dataset/bird_data/raw/falco_peregrinus/XC996596.mp3,7.0,10.0,-39.824177556628115,-40.0,species,Falco peregrinus,Peregrine Falcon,0.9898832440376282,0.9898832440376282,species,1,rand_species,/Users/justyna-przy/Projects/ISE/FYP/src/dataset/bird_data/clips/species/falco_peregrinus/XC996596__s7000__e10000.wav,
falco_peregrinus,996596,Falco peregrinus,/Users/justyna-przy/Projects/ISE/FYP/src/dataset/bird_data/raw/falco_peregrinus/XC996596.mp3,10.0,13.0,-39.91725141351799,-40.0,drop,Pica pica,Eurasian Magpie,0.5092475414276123,0.5092475414276123,drop,0,,,
falco_peregrinus,996596,Falco peregrinus,/Users/justyna-przy/Projects/ISE/FYP/src/dataset/bird_data/raw/falco_peregrinus/XC996596.mp3,16.0,19.0,-36.25515956886262,-40.0,species,Falco peregrinus,Peregrine Falcon,0.775490939617157,0.775490939617157,species,1,rand_species,/Users/justyna-przy/Projects/ISE/FYP/src/dataset/bird_data/clips/species/falco_peregrinus/XC996596__s16000__e19000.wav,
falco_peregrinus,996596,Falco peregrinus,/Users/justyna-przy/Projects/ISE/FYP/src/dataset/bird_data/raw/falco_peregrinus/XC996596.mp3,19.0,22.0,-38.51463194578034,-40.0,drop,Linaria cannabina,Eurasian Linnet,0.9441361427307129,0.9441361427307129,drop,0,,,
falco_peregrinus,646915,Falco peregrinus,/Users/justyna-przy/Projects/ISE/FYP/src/dataset/bird_data/raw/falco_peregrinus/XC646915.mp3,1.0,4.0,-10.610493249822596,-10.927539346194354,species,Falco peregrinus,Peregrine Falcon,0.9929972290992737,0.9929972290992737,species,1,rand_species,/Users/justyna-przy/Projects/ISE/FYP/src/dataset/bird_data/clips/species/falco_peregrinus/XC646915__s1000__e4000.wav,
falco_peregrinus,646915,Falco peregrinus,/Users/justyna-przy/Projects/ISE/FYP/src/dataset/bird_data/raw/falco_peregrinus/XC646915.mp3,4.0,7.0,-9.267246232612917,-10.927539346194354,species,Falco peregrinus,Peregrine Falcon,0.9878597855567932,0.9878597855567932,species,1,rand_species,/Users/justyna-przy/Projects/ISE/FYP/src/dataset/bird_data/clips/species/falco_peregrinus/XC646915__s4000__e7000.wav,
falco_peregrinus,646915,Falco peregrinus,/Users/justyna-przy/Projects/ISE/FYP/src/dataset/bird_data/raw/falco_peregrinus/XC646915.mp3,7.0,10.0,-9.832752029858664,-10.927539346194354,species,Falco peregrinus,Peregrine Falcon,0.9350542426109314,0.9350542426109314,species,0,,,
falco_peregrinus,646915,Falco peregrinus,/Users/justyna-przy/Projects/ISE/FYP/src/dataset/bird_data/raw/falco_peregrinus/XC646915.mp3,10.0,13.0,-9.321944011722811,-10.927539346194354,species,Falco peregrinus,Peregrine Falcon,0.9685983657836914,0.9685983657836914,species,1,rand_species,/Users/justyna-przy/Projects/ISE/FYP/src/dataset/bird_data/clips/species/falco_peregrinus/XC646915__s10000__e13000.wav,
falco_peregrinus,646915,Falco peregrinus,/Users/justyna-przy/Projects/ISE/FYP/src/dataset/bird_data/raw/falco_peregrinus/XC646915.mp3,16.0,19.0,-10.545822223109152,-10.927539346194354,species,Falco peregrinus,Peregrine Falcon,0.9964790940284729,0.9964790940284729,species,0,,,
falco_peregrinus,646915,Falco peregrinus,/Users/justyna-przy/Projects/ISE/FYP/src/dataset/bird_data/raw/falco_peregrinus/XC646915.mp3,19.0,22.0,-9.281479029679595,-10.927539346194354,species,Falco peregrinus,Peregrine Falcon,0.9991157650947571,0.9991157650947571,species,0,,,
falco_peregrinus,571135,Falco peregrinus,/Users/justyna-przy/Projects/ISE/FYP/src/dataset/bird_data/raw/falco_peregrinus/XC571135.mp3,4.0,7.0,-37.5001451292888,-39.77719549578846,species,Falco peregrinus,Peregrine Falcon,0.9312427043914795,0.9312427043914795,species,1,rand_species,/Users/justyna-przy/Projects/ISE/FYP/src/dataset/bird_data/clips/species/falco_peregrinus/XC571135__s4000__e7000.wav,
falco_peregrinus,571135,Falco peregrinus,/Users/justyna-przy/Projects/ISE/FYP/src/dataset/bird_data/raw/falco_peregrinus/XC571135.mp3,7.0,10.0,-35.218424340613986,-39.77719549578846,species,Falco peregrinus,Peregrine Falcon,0.9995381832122803,0.9995381832122803,species,1,rand_species,/Users/justyna-przy/Projects/ISE/FYP/src/dataset/bird_data/clips/species/falco_peregrinus/XC571135__s7000__e10000.wav,
falco_peregrinus,571135,Falco peregrinus,/Users/justyna-przy/Projects/ISE/FYP/src/dataset/bird_data/raw/falco_peregrinus/XC571135.mp3,10.0,13.0,-33.53823328424412,-39.77719549578846,species,Falco peregrinus,Peregrine Falcon,0.5280505418777466,0.5280505418777466,species,1,rand_species,/Users/justyna-przy/Projects/ISE/FYP/src/dataset/bird_data/clips/species/falco_peregrinus/XC571135__s10000__e13000.wav,
falco_peregrinus,840059,Falco peregrinus,/Users/justyna-przy/Projects/ISE/FYP/src/dataset/bird_data/raw/falco_peregrinus/XC840059.mp3,30.0,33.0,-37.7521697388976,-40.0,drop,Fringilla coelebs,Common Chaffinch,0.10650050640106201,0.10650050640106201,drop,0,,,
falco_peregrinus,192656,Falco peregrinus,/Users/justyna-przy/Projects/ISE/FYP/src/dataset/bird_data/raw/falco_peregrinus/XC192656.mp3,1.0,4.0,-20.30245978607867,-34.69994340862393,species,Falco peregrinus,Peregrine Falcon,0.933814287185669,0.933814287185669,species,1,rand_species,/Users/justyna-przy/Projects/ISE/FYP/src/dataset/bird_data/clips/species/falco_peregrinus/XC192656__s1000__e4000.wav,
falco_peregrinus,192656,Falco peregrinus,/Users/justyna-przy/Projects/ISE/FYP/src/dataset/bird_data/raw/falco_peregrinus/XC192656.mp3,4.0,7.0,-34.20774449701093,-34.69994340862393,non_bird,,,0.0,0.0,non_bird,1,nonbird_lowconf,/Users/justyna-przy/Projects/ISE/FYP/src/dataset/bird_data/clips/non_bird/falco_peregrinus/XC192656__s4000__e7000.wav,
falco_peregrinus,192656,Falco peregrinus,/Users/justyna-przy/Projects/ISE/FYP/src/dataset/bird_data/raw/falco_peregrinus/XC192656.mp3,7.0,10.0,-29.68944715540949,-34.69994340862393,species,Falco peregrinus,Peregrine Falcon,0.9634013175964355,0.9634013175964355,species,1,rand_species,/Users/justyna-przy/Projects/ISE/FYP/src/dataset/bird_data/clips/species/falco_peregrinus/XC192656__s7000__e10000.wav,
falco_peregrinus,192656,Falco peregrinus,/Users/justyna-przy/Projects/ISE/FYP/src/dataset/bird_data/raw/falco_peregrinus/XC192656.mp3,13.0,16.0,-22.806701417333727,-34.69994340862393,species,Falco peregrinus,Peregrine Falcon,0.5107660293579102,0.5107660293579102,species,1,rand_species,/Users/justyna-przy/Projects/ISE/FYP/src/dataset/bird_data/clips/species/falco_peregrinus/XC192656__s13000__e16000.wav,
falco_peregrinus,192656,Falco peregrinus,/Users/justyna-przy/Projects/ISE/FYP/src/dataset/bird_data/raw/falco_peregrinus/XC192656.mp3,22.0,25.0,-25.20117150247294,-34.69994340862393,non_bird,,,0.0,0.0,non_bird,1,nonbird_lowconf,/Users/justyna-przy/Projects/ISE/FYP/src/dataset/bird_data/clips/non_bird/falco_peregrinus/XC192656__s22000__e25000.wav,
falco_peregrinus,192656,Falco peregrinus,/Users/justyna-przy/Projects/ISE/FYP/src/dataset/bird_data/raw/falco_peregrinus/XC192656.mp3,25.0,28.0,-32.5174309814238,-34.69994340862393,species,Falco peregrinus,Peregrine Falcon,0.5791307687759399,0.5791307687759399,species,0,,,
falco_peregrinus,941588,Falco peregrinus,/Users/justyna-przy/Projects/ISE/FYP/src/dataset/bird_data/raw/falco_peregrinus/XC941588.mp3,1.0,4.0,-37.85202801558916,-37.85202801558916,species,Falco peregrinus,Peregrine Falcon,0.9999958276748657,0.9999958276748657,species,1,rand_species,/Users/justyna-przy/Projects/ISE/FYP/src/dataset/bird_data/clips/species/falco_peregrinus/XC941588__s1000__e4000.wav,
falco_peregrinus,1055456,Falco peregrinus,/Users/justyna-przy/Projects/ISE/FYP/src/dataset/bird_data/raw/falco_peregrinus/XC1055456.mp3,16.0,19.0,-30.22010086275353,-40.0,species,Falco peregrinus,Peregrine Falcon,0.9934875965118408,0.9934875965118408,species,1,rand_species,/Users/justyna-przy/Projects/ISE/FYP/src/dataset/bird_data/clips/species/falco_peregrinus/XC1055456__s16000__e19000.wav,
falco_peregrinus,1055456,Falco peregrinus,/Users/justyna-przy/Projects/ISE/FYP/src/dataset/bird_data/raw/falco_peregrinus/XC1055456.mp3,19.0,22.0,-39.75642576741858,-40.0,drop,Tringa glareola,Wood Sandpiper,0.19245822727680206,0.19245822727680206,drop,0,,,
falco_peregrinus,884042,Falco peregrinus,/Users/justyna-przy/Projects/ISE/FYP/src/dataset/bird_data/raw/falco_peregrinus/XC884042.mp3,1.0,4.0,-36.15881453966543,-36.28336088792798,species,Falco peregrinus,Peregrine Falcon,0.9858476519584656,0.9858476519584656,species,1,rand_species,/Users/justyna-przy/Projects/ISE/FYP/src/dataset/bird_data/clips/species/falco_peregrinus/XC884042__s1000__e4000.wav,
falco_peregrinus,884042,Falco peregrinus,/Users/justyna-przy/Projects/ISE/FYP/src/dataset/bird_data/raw/falco_peregrinus/XC884042.mp3,4.0,7.0,-31.729395045602455,-36.28336088792798,species,Falco peregrinus,Peregrine Falcon,0.9901689291000366,0.9901689291000366,species,1,rand_species,/Users/justyna-przy/Projects/ISE/FYP/src/dataset/bird_data/clips/species/falco_peregrinus/XC884042__s4000__e7000.wav,
falco_peregrinus,992818,Falco peregrinus,/Users/justyna-przy/Projects/ISE/FYP/src/dataset/bird_data/raw/falco_peregrinus/XC992818.mp3,7.0,10.0,-37.26331500526659,-40.0,species,Falco peregrinus,Peregrine Falcon,0.9680101871490479,0.9680101871490479,species,1,rand_species,/Users/justyna-przy/Projects/ISE/FYP/src/dataset/bird_data/clips/species/falco_peregrinus/XC992818__s7000__e10000.wav,
falco_peregrinus,646911,Falco peregrinus,/Users/justyna-przy/Projects/ISE/FYP/src/dataset/bird_data/raw/falco_peregrinus/XC646911.mp3,32.0,35.0,-25.707642712405683,-29.676409109871933,species,Falco peregrinus,Peregrine Falcon,0.9998464584350586,0.9998464584350586,species,0,,,
falco_peregrinus,646911,Falco peregrinus,/Users/justyna-przy/Projects/ISE/FYP/src/dataset/bird_data/raw/falco_peregrinus/XC646911.mp3,35.0,38.0,-27.53431015702644,-29.676409109871933,species,Falco peregrinus,Peregrine Falcon,0.9990789890289307,0.9990789890289307,species,0,,,
falco_peregrinus,646911,Falco peregrinus,/Users/justyna-przy/Projects/ISE/FYP/src/dataset/bird_data/raw/falco_peregrinus/XC646911.mp3,41.0,44.0,-25.955296771086203,-29.676409109871933,species,Falco peregrinus,Peregrine Falcon,0.9998083710670471,0.9998083710670471,species,1,rand_species,/Users/justyna-przy/Projects/ISE/FYP/src/dataset/bird_data/clips/species/falco_peregrinus/XC646911__s41000__e44000.wav,
falco_peregrinus,646911,Falco peregrinus,/Users/justyna-przy/Projects/ISE/FYP/src/dataset/bird_data/raw/falco_peregrinus/XC646911.mp3,44.0,47.0,-27.85928451635865,-29.676409109871933,species,Falco peregrinus,Peregrine Falcon,0.9998334646224976,0.9998334646224976,species,1,rand_species,/Users/justyna-przy/Projects/ISE/FYP/src/dataset/bird_data/clips/species/falco_peregrinus/XC646911__s44000__e47000.wav,
falco_peregrinus,646911,Falco peregrinus,/Users/justyna-przy/Projects/ISE/FYP/src/dataset/bird_data/raw/falco_peregrinus/XC646911.mp3,47.0,50.0,-25.317569707648776,-29.676409109871933,species,Falco peregrinus,Peregrine Falcon,0.9999740123748779,0.9999740123748779,species,1,rand_species,/Users/justyna-przy/Projects/ISE/FYP/src/dataset/bird_data/clips/species/falco_peregrinus/XC646911__s47000__e50000.wav,
falco_peregrinus,646911,Falco peregrinus,/Users/justyna-przy/Projects/ISE/FYP/src/dataset/bird_data/raw/falco_peregrinus/XC646911.mp3,50.0,53.0,-28.182458614392697,-29.676409109871933,species,Falco peregrinus,Peregrine Falcon,0.9997897744178772,0.9997897744178772,species,0,,,
falco_peregrinus,571133,Falco peregrinus,/Users/justyna-przy/Projects/ISE/FYP/src/dataset/bird_data/raw/falco_peregrinus/XC571133.mp3,11.0,14.0,-33.71529247061244,-40.0,species,Falco peregrinus,Peregrine Falcon,0.9442817568778992,0.9442817568778992,species,1,rand_species,/Users/justyna-przy/Projects/ISE/FYP/src/dataset/bird_data/clips/species/falco_peregrinus/XC571133__s11000__e14000.wav,
falco_peregrinus,571133,Falco peregrinus,/Users/justyna-przy/Projects/ISE/FYP/src/dataset/bird_data/raw/falco_peregrinus/XC571133.mp3,14.0,17.0,-36.98112043517594,-40.0,species,Falco peregrinus,Peregrine Falcon,0.9990782737731934,0.9990782737731934,species,0,,,
falco_peregrinus,571133,Falco peregrinus,/Users/justyna-przy/Projects/ISE/FYP/src/dataset/bird_data/raw/falco_peregrinus/XC571133.mp3,17.0,20.0,-38.49456845135582,-40.0,species,Falco peregrinus,Peregrine Falcon,0.9945736527442932,0.9945736527442932,species,1,rand_species,/Users/justyna-przy/Projects/ISE/FYP/src/dataset/bird_data/clips/species/falco_peregrinus/XC571133__s17000__e20000.wav,
falco_peregrinus,571133,Falco peregrinus,/Users/justyna-przy/Projects/ISE/FYP/src/dataset/bird_data/raw/falco_peregrinus/XC571133.mp3,20.0,23.0,-35.42983093713735,-40.0,species,Falco peregrinus,Peregrine Falcon,0.9988934397697449,0.9988934397697449,species,1,rand_species,/Users/justyna-przy/Projects/ISE/FYP/src/dataset/bird_data/clips/species/falco_peregrinus/XC571133__s20000__e23000.wav,
falco_peregrinus,571133,Falco peregrinus,/Users/justyna-przy/Projects/ISE/FYP/src/dataset/bird_data/raw/falco_peregrinus/XC571133.mp3,32.0,35.0,-34.79773893762582,-40.0,species,Falco peregrinus,Peregrine Falcon,0.9762149453163147,0.9762149453163147,species,0,,,
falco_peregrinus,571133,Falco peregrinus,/Users/justyna-przy/Projects/ISE/FYP/src/dataset/bird_data/raw/falco_peregrinus/XC571133.mp3,35.0,38.0,-31.695427450386102,-40.0,species,Falco peregrinus,Peregrine Falcon,0.9814175963401794,0.9814175963401794,species,0,,,
falco_peregrinus,487840,Falco peregrinus,/Users/justyna-przy/Projects/ISE/FYP/src/dataset/bird_data/raw/falco_peregrinus/XC487840.mp3,4.0,7.0,-38.50674729864055,-40.0,drop,Tringa glareola,Wood Sandpiper,0.11555955559015274,0.11555955559015274,drop,0,,,
falco_peregrinus,487840,Falco peregrinus,/Users/justyna-przy/Projects/ISE/FYP/src/dataset/bird_data/raw/falco_peregrinus/XC487840.mp3,7.0,10.0,-25.883638650810404,-40.0,drop,Falco tinnunculus,Eurasian Kestrel,0.5107095241546631,0.5107095241546631,drop,0,,,
falco_peregrinus,487840,Falco peregrinus,/Users/justyna-przy/Projects/ISE/FYP/src/dataset/bird_data/raw/falco_peregrinus/XC487840.mp3,10.0,13.0,-29.149972219380498,-40.0,drop,Falco tinnunculus,Eurasian Kestrel,0.6127999424934387,0.6127999424934387,drop,0,,,
falco_peregrinus,754729,Falco peregrinus,/Users/justyna-przy/Projects/ISE/FYP/src/dataset/bird_data/raw/falco_peregrinus/XC754729.mp3,7.0,10.0,-37.01545286942621,-40.0,non_bird,,,0.0,0.0,non_bird,1,nonbird_lowconf,/Users/justyna-przy/Projects/ISE/FYP/src/dataset/bird_data/clips/non_bird/falco_peregrinus/XC754729__s7000__e10000.wav,
falco_peregrinus,754729,Falco peregrinus,/Users/justyna-przy/Projects/ISE/FYP/src/dataset/bird_data/raw/falco_peregrinus/XC754729.mp3,22.0,25.0,-37.9876623223704,-40.0,non_bird,,,0.0,0.0,non_bird,1,nonbird_lowconf,/Users/justyna-przy/Projects/ISE/FYP/src/dataset/bird_data/clips/non_bird/falco_peregrinus/XC754729__s22000__e25000.wav,
falco_peregrinus,754729,Falco peregrinus,/Users/justyna-przy/Projects/ISE/FYP/src/dataset/bird_data/raw/falco_peregrinus/XC754729.mp3,25.0,28.0,-37.27955366675009,-40.0,non_bird,,,0.0,0.0,non_bird,0,,,
falco_peregrinus,748145,Falco peregrinus,/Users/justyna-przy/Projects/ISE/FYP/src/dataset/bird_data/raw/falco_peregrinus/XC748145.mp3,1.0,4.0,-38.542152708786155,-39.92704181148594,drop,Ptiliogonys caudatus,Long-tailed Silky-flycatcher,0.14554135501384735,0.14554135501384735,drop,0,,,
falco_peregrinus,748145,Falco peregrinus,/Users/justyna-przy/Projects/ISE/FYP/src/dataset/bird_data/raw/falco_peregrinus/XC748145.mp3,4.0,7.0,-38.298414871040045,-39.92704181148594,non_bird,,,0.0,0.0,non_bird,1,nonbird_lowconf,/Users/justyna-przy/Projects/ISE/FYP/src/dataset/bird_data/clips/non_bird/falco_peregrinus/XC748145__s4000__e7000.wav,
falco_peregrinus,1055453,Falco peregrinus,/Users/justyna-przy/Projects/ISE/FYP/src/dataset/bird_data/raw/falco_peregrinus/XC1055453.mp3,4.0,7.0,-39.633350697387854,-40.0,species,Falco peregrinus,Peregrine Falcon,0.8516629934310913,0.8516629934310913,species,1,rand_species,/Users/justyna-przy/Projects/ISE/FYP/src/dataset/bird_data/clips/species/falco_peregrinus/XC1055453__s4000__e7000.wav,
falco_peregrinus,884040,Falco peregrinus,/Users/justyna-przy/Projects/ISE/FYP/src/dataset/bird_data/raw/falco_peregrinus/XC884040.mp3,1.0,4.0,-31.95240992039825,-34.62601368063211,non_bird,,,0.0,0.0,non_bird,1,nonbird_lowconf,/Users/justyna-przy/Projects/ISE/FYP/src/dataset/bird_data/clips/non_bird/falco_peregrinus/XC884040__s1000__e4000.wav,
falco_peregrinus,884040,Falco peregrinus,/Users/justyna-przy/Projects/ISE/FYP/src/dataset/bird_data/raw/falco_peregrinus/XC884040.mp3,4.0,7.0,-32.474090332995765,-34.62601368063211,drop,Dendrocopos major,Great Spotted Woodpecker,0.4712955951690674,0.4712955951690674,drop,0,,,
falco_peregrinus,989244,Falco peregrinus,/Users/justyna-przy/Projects/ISE/FYP/src/dataset/bird_data/raw/falco_peregrinus/XC989244.mp3,4.0,7.0,-39.407690861365616,-40.0,species,Falco peregrinus,Peregrine Falcon,0.9637449979782104,0.9637449979782104,species,1,rand_species,/Users/justyna-przy/Projects/ISE/FYP/src/dataset/bird_data/clips/species/falco_peregrinus/XC989244__s4000__e7000.wav,
falco_peregrinus,989244,Falco peregrinus,/Users/justyna-przy/Projects/ISE/FYP/src/dataset/bird_data/raw/falco_peregrinus/XC989244.mp3,10.0,13.0,-35.95489394013077,-40.0,species,Falco peregrinus,Peregrine Falcon,0.9986860156059265,0.9986860156059265,species,1,rand_species,/Users/justyna-przy/Projects/ISE/FYP/src/dataset/bird_data/clips/species/falco_peregrinus/XC989244__s10000__e13000.wav,
falco_peregrinus,646910,Falco peregrinus,/Users/justyna-przy/Projects/ISE/FYP/src/dataset/bird_data/raw/falco_peregrinus/XC646910.mp3,1.0,4.0,-30.85778394268303,-40.0,species,Falco peregrinus,Peregrine Falcon,0.5452330708503723,0.5452330708503723,species,1,rand_species,/Users/justyna-przy/Projects/ISE/FYP/src/dataset/bird_data/clips/species/falco_peregrinus/XC646910__s1000__e4000.wav,
falco_peregrinus,376868,Falco peregrinus,/Users/justyna-przy/Projects/ISE/FYP/src/dataset/bird_data/raw/falco_peregrinus/XC376868.mp3,1.0,4.0,-23.51988251399494,-23.51988251399494,species,Falco peregrinus,Peregrine Falcon,0.7668039202690125,0.7668039202690125,species,1,rand_species,/Users/justyna-przy/Projects/ISE/FYP/src/dataset/bird_data/clips/species/falco_peregrinus/XC376868__s1000__e4000.wav,
falco_peregrinus,924955,Falco peregrinus,/Users/justyna-przy/Projects/ISE/FYP/src/dataset/bird_data/raw/falco_peregrinus/XC924955.mp3,1.0,4.0,-33.55784250916588,-37.53017680413998,drop,Falco peregrinus,Peregrine Falcon,0.13973724842071533,0.13973724842071533,drop,0,,,
falco_peregrinus,754726,Falco peregrinus,/Users/justyna-przy/Projects/ISE/FYP/src/dataset/bird_data/raw/falco_peregrinus/XC754726.mp3,10.0,13.0,-37.74660235460321,-40.0,species,Falco peregrinus,Peregrine Falcon,0.9340274333953857,0.9340274333953857,species,1,rand_species,/Users/justyna-przy/Projects/ISE/FYP/src/dataset/bird_data/clips/species/falco_peregrinus/XC754726__s10000__e13000.wav,
falco_peregrinus,586013,Falco peregrinus,/Users/justyna-przy/Projects/ISE/FYP/src/dataset/bird_data/raw/falco_peregrinus/XC586013.mp3,1.0,4.0,-27.258483441750446,-33.835781006705595,species,Falco peregrinus,Peregrine Falcon,0.9894238114356995,0.9894238114356995,species,1,rand_species,/Users/justyna-przy/Projects/ISE/FYP/src/dataset/bird_data/clips/species/falco_peregrinus/XC586013__s1000__e4000.wav,
falco_peregrinus,1055452,Falco peregrinus,/Users/justyna-przy/Projects/ISE/FYP/src/dataset/bird_data/raw/falco_peregrinus/XC1055452.mp3,1.0,4.0,-35.12786396125069,-35.12786396125069,species,Falco peregrinus,Peregrine Falcon,0.33308908343315125,0.33308908343315125,species,1,rand_species,/Users/justyna-przy/Projects/ISE/FYP/src/dataset/bird_data/clips/species/falco_peregrinus/XC1055452__s1000__e4000.wav,
falco_peregrinus,884038,Falco peregrinus,/Users/justyna-przy/Projects/ISE/FYP/src/dataset/bird_data/raw/falco_peregrinus/XC884038.mp3,7.0,10.0,-39.529886375386845,-40.0,drop,Falco peregrinus,Peregrine Falcon,0.12252301722764969,0.12252301722764969,drop,0,,,
falco_peregrinus,791934,Falco peregrinus,/Users/justyna-przy/Projects/ISE/FYP/src/dataset/bird_data/raw/falco_peregrinus/XC791934.mp3,12.0,15.0,-46.02071884818785,-40.0,species,Falco peregrinus,Peregrine Falcon,0.9499614238739014,0.9499614238739014,species,1,rand_species,/Users/justyna-przy/Projects/ISE/FYP/src/dataset/bird_data/clips/species/falco_peregrinus/XC791934__s12000__e15000.wav,
falco_peregrinus,448562,Falco peregrinus,/Users/justyna-przy/Projects/ISE/FYP/src/dataset/bird_data/raw/falco_peregrinus/XC448562.mp3,4.0,7.0,-32.23946623135018,-40.0,species,Falco peregrinus,Peregrine Falcon,0.9115049242973328,0.9115049242973328,species,1,rand_species,/Users/justyna-przy/Projects/ISE/FYP/src/dataset/bird_data/clips/species/falco_peregrinus/XC448562__s4000__e7000.wav,
falco_peregrinus,448562,Falco peregrinus,/Users/justyna-przy/Projects/ISE/FYP/src/dataset/bird_data/raw/falco_peregrinus/XC448562.mp3,7.0,10.0,-35.43606024015347,-40.0,species,Falco peregrinus,Peregrine Falcon,0.7245075702667236,0.7245075702667236,species,1,rand_species,/Users/justyna-przy/Projects/ISE/FYP/src/dataset/bird_data/clips/species/falco_peregrinus/XC448562__s7000__e10000.wav,
falco_peregrinus,341726,Falco peregrinus,/Users/justyna-przy/Projects/ISE/FYP/src/dataset/bird_data/raw/falco_peregrinus/XC341726.mp3,4.0,7.0,-17.581089244759234,-24.828841948233013,species,Falco peregrinus,Peregrine Falcon,0.9980636239051819,0.9980636239051819,species,1,rand_species,/Users/justyna-przy/Projects/ISE/FYP/src/dataset/bird_data/clips/species/falco_peregrinus/XC341726__s4000__e7000.wav,
falco_peregrinus,341726,Falco peregrinus,/Users/justyna-przy/Projects/ISE/FYP/src/dataset/bird_data/raw/falco_peregrinus/XC341726.mp3,7.0,10.0,-24.263434650442527,-24.828841948233013,species,Falco peregrinus,Peregrine Falcon,0.9130033254623413,0.9130033254623413,species,1,rand_species,/Users/justyna-przy/Projects/ISE/FYP/src/dataset/bird_data/clips/species/falco_peregrinus/XC341726__s7000__e10000.wav,
falco_peregrinus,341726,Falco peregrinus,/Users/justyna-przy/Projects/ISE/FYP/src/dataset/bird_data/raw/falco_peregrinus/XC341726.mp3,13.0,16.0,-24.640768767735025,-24.828841948233013,species,Falco peregrinus,Peregrine Falcon,0.993996262550354,0.993996262550354,species,0,,,
falco_peregrinus,341726,Falco peregrinus,/Users/justyna-przy/Projects/ISE/FYP/src/dataset/bird_data/raw/falco_peregrinus/XC341726.mp3,16.0,19.0,-17.606951369656272,-24.828841948233013,species,Falco peregrinus,Peregrine Falcon,0.9922723770141602,0.9922723770141602,species,1,rand_species,/Users/justyna-przy/Projects/ISE/FYP/src/dataset/bird_data/clips/species/falco_peregrinus/XC341726__s16000__e19000.wav,
falco_peregrinus,341726,Falco peregrinus,/Users/justyna-przy/Projects/ISE/FYP/src/dataset/bird_data/raw/falco_peregrinus/XC341726.mp3,19.0,22.0,-17.522310232559082,-24.828841948233013,species,Falco peregrinus,Peregrine Falcon,0.9983154535293579,0.9983154535293579,species,0,,,
falco_peregrinus,840060,Falco peregrinus,/Users/justyna-przy/Projects/ISE/FYP/src/dataset/bird_data/raw/falco_peregrinus/XC840060.mp3,1.0,4.0,-39.14446009306998,-40.0,non_bird,,,0.0,0.0,non_bird,1,nonbird_lowconf,/Users/justyna-przy/Projects/ISE/FYP/src/dataset/bird_data/clips/non_bird/falco_peregrinus/XC840060__s1000__e4000.wav,
falco_peregrinus,840060,Falco peregrinus,/Users/justyna-przy/Projects/ISE/FYP/src/dataset/bird_data/raw/falco_peregrinus/XC840060.mp3,4.0,7.0,-36.52147289262522,-40.0,species,Falco peregrinus,Peregrine Falcon,0.31713414192199707,0.31713414192199707,species,1,rand_species,/Users/justyna-przy/Projects/ISE/FYP/src/dataset/bird_data/clips/species/falco_peregrinus/XC840060__s4000__e7000.wav,
falco_peregrinus,840060,Falco peregrinus,/Users/justyna-przy/Projects/ISE/FYP/src/dataset/bird_data/raw/falco_peregrinus/XC840060.mp3,7.0,10.0,-39.31169683027106,-40.0,drop,Dryocopus martius,Black Woodpecker,0.12268627434968948,0.12268627434968948,drop,0,,,
falco_peregrinus,840060,Falco peregrinus,/Users/justyna-przy/Projects/ISE/FYP/src/dataset/bird_data/raw/falco_peregrinus/XC840060.mp3,19.0,22.0,-36.80188971588962,-40.0,drop,Falco peregrinus,Peregrine Falcon,0.14275695383548737,0.14275695383548737,drop,0,,,
falco_peregrinus,840060,Falco peregrinus,/Users/justyna-przy/Projects/ISE/FYP/src/dataset/bird_data/raw/falco_peregrinus/XC840060.mp3,22.0,25.0,-37.45765672756657,-40.0,drop,Aix sponsa,Wood Duck,0.43571263551712036,0.43571263551712036,drop,0,,,
falco_peregrinus,840060,Falco peregrinus,/Users/justyna-przy/Projects/ISE/FYP/src/dataset/bird_data/raw/falco_peregrinus/XC840060.mp3,25.0,28.0,-38.09841790041325,-40.0,drop,Scythrops novaehollandiae,Channel-billed Cuckoo,0.17137309908866882,0.17137309908866882,drop,0,,,
falco_peregrinus,747386,Falco peregrinus,/Users/justyna-przy/Projects/ISE/FYP/src/dataset/bird_data/raw/falco_peregrinus/XC747386.mp3,37.0,40.0,-40.95518389706441,-40.0,drop,Falco peregrinus,Peregrine Falcon,0.16251510381698608,0.16251510381698608,drop,0,,,
falco_peregrinus,197384,Falco peregrinus,/Users/justyna-przy/Projects/ISE/FYP/src/dataset/bird_data/raw/falco_peregrinus/XC197384.mp3,21.0,24.0,-24.378612771610605,-28.055930277121092,species,Falco peregrinus,Peregrine Falcon,0.998435914516449,0.998435914516449,species,0,,,
falco_peregrinus,197384,Falco peregrinus,/Users/justyna-przy/Projects/ISE/FYP/src/dataset/bird_data/raw/falco_peregrinus/XC197384.mp3,33.0,36.0,-21.101347059262956,-28.055930277121092,species,Falco peregrinus,Peregrine Falcon,0.9950174689292908,0.9950174689292908,species,1,rand_species,/Users/justyna-przy/Projects/ISE/FYP/src/dataset/bird_data/clips/species/falco_peregrinus/XC197384__s33000__e36000.wav,
falco_peregrinus,197384,Falco peregrinus,/Users/justyna-przy/Projects/ISE/FYP/src/dataset/bird_data/raw/falco_peregrinus/XC197384.mp3,36.0,39.0,-20.51697543916883,-28.055930277121092,species,Falco peregrinus,Peregrine Falcon,0.9977588653564453,0.9977588653564453,species,0,,,
falco_peregrinus,197384,Falco peregrinus,/Users/justyna-przy/Projects/ISE/FYP/src/dataset/bird_data/raw/falco_peregrinus/XC197384.mp3,39.0,42.0,-13.527962911592775,-28.055930277121092,species,Falco peregrinus,Peregrine Falcon,0.9981263279914856,0.9981263279914856,species,0,,,
falco_peregrinus,197384,Falco peregrinus,/Users/justyna-przy/Projects/ISE/FYP/src/dataset/bird_data/raw/falco_peregrinus/XC197384.mp3,42.0,45.0,-11.236620804456486,-28.055930277121092,species,Falco peregrinus,Peregrine Falcon,0.9987804293632507,0.9987804293632507,species,1,rand_species,/Users/justyna-przy/Projects/ISE/FYP/src/dataset/bird_data/clips/species/falco_peregrinus/XC197384__s42000__e45000.wav,
falco_peregrinus,197384,Falco peregrinus,/Users/justyna-przy/Projects/ISE/FYP/src/dataset/bird_data/raw/falco_peregrinus/XC197384.mp3,45.0,48.0,-14.266069035235674,-28.055930277121092,species,Falco peregrinus,Peregrine Falcon,0.99152010679245,0.99152010679245,species,1,rand_species,/Users/justyna-przy/Projects/ISE/FYP/src/dataset/bird_data/clips/species/falco_peregrinus/XC197384__s45000__e48000.wav,
falco_peregrinus,1049553,Falco peregrinus,/Users/justyna-przy/Projects/ISE/FYP/src/dataset/bird_data/raw/falco_peregrinus/XC1049553.mp3,1.0,4.0,-44.05174953213668,-40.0,species,Falco peregrinus,Peregrine Falcon,0.9956121444702148,0.9956121444702148,species,1,rand_species,/Users/justyna-przy/Projects/ISE/FYP/src/dataset/bird_data/clips/species/falco_peregrinus/XC1049553__s1000__e4000.wav,
falco_peregrinus,884037,Falco peregrinus,/Users/justyna-przy/Projects/ISE/FYP/src/dataset/bird_data/raw/falco_peregrinus/XC884037.mp3,11.0,14.0,-35.368609139410346,-37.360166597159434,drop,Dendrocopos major,Great Spotted Woodpecker,0.8528052568435669,0.8528052568435669,drop,0,,,
falco_peregrinus,884037,Falco peregrinus,/Users/justyna-przy/Projects/ISE/FYP/src/dataset/bird_data/raw/falco_peregrinus/XC884037.mp3,14.0,17.0,-33.11746738746387,-37.360166597159434,species,Falco peregrinus,Peregrine Falcon,0.9898978471755981,0.9898978471755981,species,1,rand_species,/Users/justyna-przy/Projects/ISE/FYP/src/dataset/bird_data/clips/species/falco_peregrinus/XC884037__s14000__e17000.wav,
falco_peregrinus,884037,Falco peregrinus,/Users/justyna-przy/Projects/ISE/FYP/src/dataset/bird_data/raw/falco_peregrinus/XC884037.mp3,17.0,20.0,-29.523804749610285,-37.360166597159434,species,Falco peregrinus,Peregrine Falcon,0.9999029636383057,0.9999029636383057,species,1,rand_species,/Users/justyna-przy/Projects/ISE/FYP/src/dataset/bird_data/clips/species/falco_peregrinus/XC884037__s17000__e20000.wav,
falco_peregrinus,884037,Falco peregrinus,/Users/justyna-przy/Projects/ISE/FYP/src/dataset/bird_data/raw/falco_peregrinus/XC884037.mp3,20.0,23.0,-34.16028925424787,-37.360166597159434,species,Falco peregrinus,Peregrine Falcon,0.9995601773262024,0.9995601773262024,species,1,rand_species,/Users/justyna-przy/Projects/ISE/FYP/src/dataset/bird_data/clips/species/falco_peregrinus/XC884037__s20000__e23000.wav,
falco_peregrinus,884037,Falco peregrinus,/Users/justyna-przy/Projects/ISE/FYP/src/dataset/bird_data/raw/falco_peregrinus/XC884037.mp3,23.0,26.0,-36.32696890615464,-37.360166597159434,drop,Dendrocopos major,Great Spotted Woodpecker,0.9051975607872009,0.9051975607872009,drop,0,,,
falco_peregrinus,884037,Falco peregrinus,/Users/justyna-przy/Projects/ISE/FYP/src/dataset/bird_data/raw/falco_peregrinus/XC884037.mp3,35.0,38.0,-35.64371289733387,-37.360166597159434,drop,Dendrocopos major,Great Spotted Woodpecker,0.5312779545783997,0.5312779545783997,drop,0,,,
falco_peregrinus,474915,Falco peregrinus,/Users/justyna-przy/Projects/ISE/FYP/src/dataset/bird_data/raw/falco_peregrinus/XC474915.mp3,1.0,4.0,-37.63329721835546,-38.48220305468273,non_bird,,,0.0,0.0,non_bird,1,nonbird_lowconf,/Users/justyna-przy/Projects/ISE/FYP/src/dataset/bird_data/clips/non_bird/falco_peregrinus/XC474915__s1000__e4000.wav,
falco_peregrinus,474915,Falco peregrinus,/Users/justyna-przy/Projects/ISE/FYP/src/dataset/bird_data/raw/falco_peregrinus/XC474915.mp3,7.0,10.0,-35.4514633185766,-38.48220305468273,drop,Larus cachinnans,Caspian Gull,0.8182944655418396,0.8182944655418396,drop,0,,,
falco_peregrinus,474915,Falco peregrinus,/Users/justyna-przy/Projects/ISE/FYP/src/dataset/bird_data/raw/falco_peregrinus/XC474915.mp3,10.0,13.0,-32.420497598201855,-38.48220305468273,drop,Falco peregrinus,Peregrine Falcon,0.20225413143634796,0.20225413143634796,drop,0,,,
falco_peregrinus,474915,Falco peregrinus,/Users/justyna-przy/Projects/ISE/FYP/src/dataset/bird_data/raw/falco_peregrinus/XC474915.mp3,13.0,16.0,-35.05995905073448,-38.48220305468273,species,Falco peregrinus,Peregrine Falcon,0.5056489109992981,0.5056489109992981,species,1,rand_species,/Users/justyna-przy/Projects/ISE/FYP/src/dataset/bird_data/clips/species/falco_peregrinus/XC474915__s13000__e16000.wav,
falco_peregrinus,421684,Falco peregrinus,/Users/justyna-przy/Projects/ISE/FYP/src/dataset/bird_data/raw/falco_peregrinus/XC421684.mp3,1.0,4.0,-14.170307188222424,-26.56716304546519,species,Falco peregrinus,Peregrine Falcon,0.9636759161949158,0.9636759161949158,species,1,rand_species,/Users/justyna-przy/Projects/ISE/FYP/src/dataset/bird_data/clips/species/falco_peregrinus/XC421684__s1000__e4000.wav,
falco_peregrinus,421684,Falco peregrinus,/Users/justyna-przy/Projects/ISE/FYP/src/dataset/bird_data/raw/falco_peregrinus/XC421684.mp3,4.0,7.0,-24.43505065557418,-26.56716304546519,species,Falco peregrinus,Peregrine Falcon,0.7707725763320923,0.7707725763320923,species,1,rand_species,/Users/justyna-przy/Projects/ISE/FYP/src/dataset/bird_data/clips/species/falco_peregrinus/XC421684__s4000__e7000.wav,
falco_peregrinus,421684,Falco peregrinus,/Users/justyna-przy/Projects/ISE/FYP/src/dataset/bird_data/raw/falco_peregrinus/XC421684.mp3,7.0,10.0,-23.833812039056742,-26.56716304546519,species,Falco peregrinus,Peregrine Falcon,0.9862126111984253,0.9862126111984253,species,0,,,
falco_peregrinus,421684,Falco peregrinus,/Users/justyna-przy/Projects/ISE/FYP/src/dataset/bird_data/raw/falco_peregrinus/XC421684.mp3,10.0,13.0,-20.017113096862815,-26.56716304546519,species,Falco peregrinus,Peregrine Falcon,0.9958202838897705,0.9958202838897705,species,0,,,
falco_peregrinus,421684,Falco peregrinus,/Users/justyna-przy/Projects/ISE/FYP/src/dataset/bird_data/raw/falco_peregrinus/XC421684.mp3,19.0,22.0,-25.242333837675087,-26.56716304546519,species,Falco peregrinus,Peregrine Falcon,0.8721833229064941,0.8721833229064941,species,0,,,
falco_peregrinus,421684,Falco peregrinus,/Users/justyna-przy/Projects/ISE/FYP/src/dataset/bird_data/raw/falco_peregrinus/XC421684.mp3,22.0,25.0,-23.869124736095515,-26.56716304546519,species,Falco peregrinus,Peregrine Falcon,0.982107937335968,0.982107937335968,species,1,rand_species,/Users/justyna-przy/Projects/ISE/FYP/src/dataset/bird_data/clips/species/falco_peregrinus/XC421684__s22000__e25000.wav,
falco_peregrinus,144978,Falco peregrinus,/Users/justyna-przy/Projects/ISE/FYP/src/dataset/bird_data/raw/falco_peregrinus/XC144978.mp3,1.0,4.0,-23.327210962698434,-27.808379239563596,species,Falco peregrinus,Peregrine Falcon,0.9512106776237488,0.9512106776237488,species,1,rand_species,/Users/justyna-przy/Projects/ISE/FYP/src/dataset/bird_data/clips/species/falco_peregrinus/XC144978__s1000__e4000.wav,
falco_peregrinus,144978,Falco peregrinus,/Users/justyna-przy/Projects/ISE/FYP/src/dataset/bird_data/raw/falco_peregrinus/XC144978.mp3,4.0,7.0,-22.1653746296999,-27.808379239563596,species,Falco peregrinus,Peregrine Falcon,0.9645944237709045,0.9645944237709045,species,0,,,
falco_peregrinus,144978,Falco peregrinus,/Users/justyna-przy/Projects/ISE/FYP/src/dataset/bird_data/raw/falco_peregrinus/XC144978.mp3,7.0,10.0,-21.250328367716,-27.808379239563596,species,Falco peregrinus,Peregrine Falcon,0.6135742664337158,0.6135742664337158,species,1,rand_species,/Users/justyna-przy/Projects/ISE/FYP/src/dataset/bird_data/clips/species/falco_peregrinus/XC144978__s7000__e10000.wav,
falco_peregrinus,144978,Falco peregrinus,/Users/justyna-przy/Projects/ISE/FYP/src/dataset/bird_data/raw/falco_peregrinus/XC144978.mp3,10.0,13.0,-21.6130087946844,-27.808379239563596,species,Falco peregrinus,Peregrine Falcon,0.920848548412323,0.920848548412323,species,1,rand_species,/Users/justyna-przy/Projects/ISE/FYP/src/dataset/bird_data/clips/species/falco_peregrinus/XC144978__s10000__e13000.wav,
falco_peregrinus,144978,Falco peregrinus,/Users/justyna-przy/Projects/ISE/FYP/src/dataset/bird_data/raw/falco_peregrinus/XC144978.mp3,13.0,16.0,-23.661927102661593,-27.808379239563596,species,Falco peregrinus,Peregrine Falcon,0.9617794752120972,0.9617794752120972,species,0,,,
falco_peregrinus,144978,Falco peregrinus,/Users/justyna-przy/Projects/ISE/FYP/src/dataset/bird_data/raw/falco_peregrinus/XC144978.mp3,25.0,28.0,-26.564384054341154,-27.808379239563596,species,Falco peregrinus,Peregrine Falcon,0.7102057933807373,0.7102057933807373,species,0,,,
falco_peregrinus,833626,Falco peregrinus,/Users/justyna-przy/Projects/ISE/FYP/src/dataset/bird_data/raw/falco_peregrinus/XC833626.mp3,1.0,4.0,-20.316660356773916,-29.069979826979697,species,Falco peregrinus,Peregrine Falcon,0.9899700284004211,0.9899700284004211,species,0,,,
falco_peregrinus,833626,Falco peregrinus,/Users/justyna-przy/Projects/ISE/FYP/src/dataset/bird_data/raw/falco_peregrinus/XC833626.mp3,4.0,7.0,-26.424224386418654,-29.069979826979697,species,Falco peregrinus,Peregrine Falcon,0.9528458118438721,0.9528458118438721,species,0,,,
falco_peregrinus,833626,Falco peregrinus,/Users/justyna-przy/Projects/ISE/FYP/src/dataset/bird_data/raw/falco_peregrinus/XC833626.mp3,7.0,10.0,-24.979261812276707,-29.069979826979697,species,Falco peregrinus,Peregrine Falcon,0.5694273114204407,0.5694273114204407,species,1,rand_species,/Users/justyna-przy/Projects/ISE/FYP/src/dataset/bird_data/clips/species/falco_peregrinus/XC833626__s7000__e10000.wav,
falco_peregrinus,833626,Falco peregrinus,/Users/justyna-przy/Projects/ISE/FYP/src/dataset/bird_data/raw/falco_peregrinus/XC833626.mp3,13.0,16.0,-28.59100190026231,-29.069979826979697,species,Falco peregrinus,Peregrine Falcon,0.996832549571991,0.996832549571991,species,0,,,
falco_peregrinus,833626,Falco peregrinus,/Users/justyna-przy/Projects/ISE/FYP/src/dataset/bird_data/raw/falco_peregrinus/XC833626.mp3,19.0,22.0,-25.78898476182685,-29.069979826979697,species,Falco peregrinus,Peregrine Falcon,0.9444148540496826,0.9444148540496826,species,1,rand_species,/Users/justyna-przy/Projects/ISE/FYP/src/dataset/bird_data/clips/species/falco_peregrinus/XC833626__s19000__e22000.wav,
falco_peregrinus,833626,Falco peregrinus,/Users/justyna-przy/Projects/ISE/FYP/src/dataset/bird_data/raw/falco_peregrinus/XC833626.mp3,22.0,25.0,-22.86992516847651,-29.069979826979697,species,Falco peregrinus,Peregrine Falcon,0.9992105960845947,0.9992105960845947,species,1,rand_species,/Users/justyna-przy/Projects/ISE/FYP/src/dataset/bird_data/clips/species/falco_peregrinus/XC833626__s22000__e25000.wav,
falco_peregrinus,401971,Falco peregrinus,/Users/justyna-przy/Projects/ISE/FYP/src/dataset/bird_data/raw/falco_peregrinus/XC401971.mp3,11.0,14.0,-26.276512810210647,-34.05621769621395,species,Falco peregrinus,Peregrine Falcon,0.9823493361473083,0.9823493361473083,species,1,rand_species,/Users/justyna-przy/Projects/ISE/FYP/src/dataset/bird_data/clips/species/falco_peregrinus/XC401971__s11000__e14000.wav,
falco_peregrinus,401971,Falco peregrinus,/Users/justyna-przy/Projects/ISE/FYP/src/dataset/bird_data/raw/falco_peregrinus/XC401971.mp3,14.0,17.0,-27.510720875488115,-34.05621769621395,species,Falco peregrinus,Peregrine Falcon,0.9980748891830444,0.9980748891830444,species,1,rand_species,/Users/justyna-przy/Projects/ISE/FYP/src/dataset/bird_data/clips/species/falco_peregrinus/XC401971__s14000__e17000.wav,
falco_peregrinus,401971,Falco peregrinus,/Users/justyna-przy/Projects/ISE/FYP/src/dataset/bird_data/raw/falco_peregrinus/XC401971.mp3,26.0,29.0,-31.95969174088176,-34.05621769621395,species,Falco peregrinus,Peregrine Falcon,0.9924168586730957,0.9924168586730957,species,0,,,
falco_peregrinus,401971,Falco peregrinus,/Users/justyna-przy/Projects/ISE/FYP/src/dataset/bird_data/raw/falco_peregrinus/XC401971.mp3,29.0,32.0,-28.354912853881963,-34.05621769621395,species,Falco peregrinus,Peregrine Falcon,0.41700875759124756,0.41700875759124756,species,0,,,
falco_peregrinus,401971,Falco peregrinus,/Users/justyna-przy/Projects/ISE/FYP/src/dataset/bird_data/raw/falco_peregrinus/XC401971.mp3,32.0,35.0,-30.704277759134374,-34.05621769621395,species,Falco peregrinus,Peregrine Falcon,0.9092017412185669,0.9092017412185669,species,1,rand_species,/Users/justyna-przy/Projects/ISE/FYP/src/dataset/bird_data/clips/species/falco_peregrinus/XC401971__s32000__e35000.wav,
falco_peregrinus,401971,Falco peregrinus,/Users/justyna-przy/Projects/ISE/FYP/src/dataset/bird_data/raw/falco_peregrinus/XC401971.mp3,35.0,38.0,-25.59848645782739,-34.05621769621395,species,Falco peregrinus,Peregrine Falcon,0.9942299127578735,0.9942299127578735,species,0,,,
falco_peregrinus,947644,Falco peregrinus,/Users/justyna-przy/Projects/ISE/FYP/src/dataset/bird_data/raw/falco_peregrinus/XC947644.mp3,1.0,4.0,-32.7398903182917,-32.97670058412264,non_bird,,,0.0,0.0,non_bird,1,nonbird_lowconf,/Users/justyna-przy/Projects/ISE/FYP/src/dataset/bird_data/clips/non_bird/falco_peregrinus/XC947644__s1000__e4000.wav,
falco_peregrinus,947644,Falco peregrinus,/Users/justyna-przy/Projects/ISE/FYP/src/dataset/bird_data/raw/falco_peregrinus/XC947644.mp3,4.0,7.0,-32.76443316823517,-32.97670058412264,species,Falco peregrinus,Peregrine Falcon,0.9165193438529968,0.9165193438529968,species,1,rand_species,/Users/justyna-przy/Projects/ISE/FYP/src/dataset/bird_data/clips/species/falco_peregrinus/XC947644__s4000__e7000.wav,
falco_peregrinus,947644,Falco peregrinus,/Users/justyna-przy/Projects/ISE/FYP/src/dataset/bird_data/raw/falco_peregrinus/XC947644.mp3,7.0,10.0,-32.48529260294572,-32.97670058412264,drop,Erithacus rubecula,European Robin,0.37157049775123596,0.37157049775123596,drop,0,,,
falco_peregrinus,947644,Falco peregrinus,/Users/justyna-przy/Projects/ISE/FYP/src/dataset/bird_data/raw/falco_peregrinus/XC947644.mp3,10.0,13.0,-32.436038669789696,-32.97670058412264,species,Falco peregrinus,Peregrine Falcon,0.782982349395752,0.782982349395752,species,1,rand_species,/Users/justyna-przy/Projects/ISE/FYP/src/dataset/bird_data/clips/species/falco_peregrinus/XC947644__s10000__e13000.wav,
falco_peregrinus,947644,Falco peregrinus,/Users/justyna-przy/Projects/ISE/FYP/src/dataset/bird_data/raw/falco_peregrinus/XC947644.mp3,22.0,25.0,-32.653630968866565,-32.97670058412264,drop,Erithacus rubecula,European Robin,0.2712230682373047,0.2712230682373047,drop,0,,,
falco_peregrinus,882240,Falco peregrinus,/Users/justyna-przy/Projects/ISE/FYP/src/dataset/bird_data/raw/falco_peregrinus/XC882240.mp3,4.0,7.0,-29.139040796561343,-34.81569448728613,species,Falco peregrinus,Peregrine Falcon,0.9025714993476868,0.9025714993476868,species,1,rand_species,/Users/justyna-przy/Projects/ISE/FYP/src/dataset/bird_data/clips/species/falco_peregrinus/XC882240__s4000__e7000.wav,
falco_peregrinus,882240,Falco peregrinus,/Users/justyna-przy/Projects/ISE/FYP/src/dataset/bird_data/raw/falco_peregrinus/XC882240.mp3,7.0,10.0,-25.827657420557472,-34.81569448728613,species,Falco peregrinus,Peregrine Falcon,0.9986103773117065,0.9986103773117065,species,1,rand_species,/Users/justyna-przy/Projects/ISE/FYP/src/dataset/bird_data/clips/species/falco_peregrinus/XC882240__s7000__e10000.wav,
falco_peregrinus,882240,Falco peregrinus,/Users/justyna-przy/Projects/ISE/FYP/src/dataset/bird_data/raw/falco_peregrinus/XC882240.mp3,10.0,13.0,-29.55791758553282,-34.81569448728613,species,Falco peregrinus,Peregrine Falcon,0.9996737241744995,0.9996737241744995,species,0,,,
falco_peregrinus,882240,Falco peregrinus,/Users/justyna-przy/Projects/ISE/FYP/src/dataset/bird_data/raw/falco_peregrinus/XC882240.mp3,13.0,16.0,-34.4918562522589,-34.81569448728613,species,Falco peregrinus,Peregrine Falcon,0.9976882934570312,0.9976882934570312,species,1,rand_species,/Users/justyna-przy/Projects/ISE/FYP/src/dataset/bird_data/clips/species/falco_peregrinus/XC882240__s13000__e16000.wav,
falco_peregrinus,882240,Falco peregrinus,/Users/justyna-przy/Projects/ISE/FYP/src/dataset/bird_data/raw/falco_peregrinus/XC882240.mp3,16.0,19.0,-32.667123028879736,-34.81569448728613,species,Falco peregrinus,Peregrine Falcon,0.9908201098442078,0.9908201098442078,species,0,,,
falco_peregrinus,391901,Falco peregrinus,/Users/justyna-przy/Projects/ISE/FYP/src/dataset/bird_data/raw/falco_peregrinus/XC391901.mp3,1.0,4.0,-35.77797720978653,-37.38986910342048,non_bird,,,0.0,0.0,non_bird,1,nonbird_lowconf,/Users/justyna-przy/Projects/ISE/FYP/src/dataset/bird_data/clips/non_bird/falco_peregrinus/XC391901__s1000__e4000.wav,
falco_peregrinus,1076762,Falco peregrinus,/Users/justyna-przy/Projects/ISE/FYP/src/dataset/bird_data/raw/falco_peregrinus/XC1076762.mp3,16.0,19.0,-31.82797085905836,-32.220624537343326,drop,Falco peregrinus,Peregrine Falcon,0.26543253660202026,0.26543253660202026,drop,0,,,
falco_peregrinus,1076762,Falco peregrinus,/Users/justyna-przy/Projects/ISE/FYP/src/dataset/bird_data/raw/falco_peregrinus/XC1076762.mp3,22.0,25.0,-30.983411709585074,-32.220624537343326,drop,Pionus maximiliani,Scaly-headed Parrot,0.10633613169193268,0.10633613169193268,drop,0,,,
falco_peregrinus,1076762,Falco peregrinus,/Users/justyna-przy/Projects/ISE/FYP/src/dataset/bird_data/raw/falco_peregrinus/XC1076762.mp3,25.0,28.0,-29.69336364886049,-32.220624537343326,species,Falco peregrinus,Peregrine Falcon,0.7321444749832153,0.7321444749832153,species,1,rand_species,/Users/justyna-przy/Projects/ISE/FYP/src/dataset/bird_data/clips/species/falco_peregrinus/XC1076762__s25000__e28000.wav,
falco_peregrinus,1076762,Falco peregrinus,/Users/justyna-przy/Projects/ISE/FYP/src/dataset/bird_data/raw/falco_peregrinus/XC1076762.mp3,28.0,31.0,-30.148350348940667,-32.220624537343326,species,Falco peregrinus,Peregrine Falcon,0.6958598494529724,0.6958598494529724,species,1,rand_species,/Users/justyna-przy/Projects/ISE/FYP/src/dataset/bird_data/clips/species/falco_peregrinus/XC1076762__s28000__e31000.wav,
falco_peregrinus,1076762,Falco peregrinus,/Users/justyna-przy/Projects/ISE/FYP/src/dataset/bird_data/raw/falco_peregrinus/XC1076762.mp3,31.0,34.0,-30.412457798753078,-32.220624537343326,non_bird,,,0.0,0.0,non_bird,1,nonbird_lowconf,/Users/justyna-przy/Projects/ISE/FYP/src/dataset/bird_data/clips/non_bird/falco_peregrinus/XC1076762__s31000__e34000.wav,
falco_peregrinus,1076762,Falco peregrinus,/Users/justyna-przy/Projects/ISE/FYP/src/dataset/bird_data/raw/falco_peregrinus/XC1076762.mp3,40.0,43.0,-27.352991999639134,-32.220624537343326,drop,Psittacara leucophthalmus,White-eyed Parakeet,0.15603765845298767,0.15603765845298767,drop,0,,,
falco_peregrinus,36047,Falco peregrinus,/Users/justyna-przy/Projects/ISE/FYP/src/dataset/bird_data/raw/falco_peregrinus/XC36047.mp3,1.0,4.0,-26.737785238489494,-27.059697893034144,species,Falco peregrinus,Peregrine Falcon,0.9233450293540955,0.9233450293540955,species,1,rand_species,/Users/justyna-przy/Projects/ISE/FYP/src/dataset/bird_data/clips/species/falco_peregrinus/XC36047__s1000__e4000.wav,
falco_peregrinus,36047,Falco peregrinus,/Users/justyna-przy/Projects/ISE/FYP/src/dataset/bird_data/raw/falco_peregrinus/XC36047.mp3,4.0,7.0,-23.815413599476436,-27.059697893034144,species,Falco peregrinus,Peregrine Falcon,0.9957374334335327,0.9957374334335327,species,1,rand_species,/Users/justyna-przy/Projects/ISE/FYP/src/dataset/bird_data/clips/species/falco_peregrinus/XC36047__s4000__e7000.wav,
falco_peregrinus,737272,Falco peregrinus,/Users/justyna-przy/Projects/ISE/FYP/src/dataset/bird_data/raw/falco_peregrinus/XC737272.mp3,4.0,7.0,-35.50834429098222,-35.777394179734046,species,Falco peregrinus,Peregrine Falcon,0.7824108600616455,0.7824108600616455,species,1,rand_species,/Users/justyna-przy/Projects/ISE/FYP/src/dataset/bird_data/clips/species/falco_peregrinus/XC737272__s4000__e7000.wav,
falco_peregrinus,737272,Falco peregrinus,/Users/justyna-przy/Projects/ISE/FYP/src/dataset/bird_data/raw/falco_peregrinus/XC737272.mp3,7.0,10.0,-33.18985003270895,-35.777394179734046,species,Falco peregrinus,Peregrine Falcon,0.9860512018203735,0.9860512018203735,species,0,,,
falco_peregrinus,737272,Falco peregrinus,/Users/justyna-przy/Projects/ISE/FYP/src/dataset/bird_data/raw/falco_peregrinus/XC737272.mp3,10.0,13.0,-30.00517544652923,-35.777394179734046,species,Falco peregrinus,Peregrine Falcon,0.9615973830223083,0.9615973830223083,species,1,rand_species,/Users/justyna-przy/Projects/ISE/FYP/src/dataset/bird_data/clips/species/falco_peregrinus/XC737272__s10000__e13000.wav,
falco_peregrinus,737272,Falco peregrinus,/Users/justyna-przy/Projects/ISE/FYP/src/dataset/bird_data/raw/falco_peregrinus/XC737272.mp3,13.0,16.0,-33.96421521928626,-35.777394179734046,species,Falco peregrinus,Peregrine Falcon,0.8587853312492371,0.8587853312492371,species,1,rand_species,/Users/justyna-przy/Projects/ISE/FYP/src/dataset/bird_data/clips/species/falco_peregrinus/XC737272__s13000__e16000.wav,
falco_peregrinus,737272,Falco peregrinus,/Users/justyna-przy/Projects/ISE/FYP/src/dataset/bird_data/raw/falco_peregrinus/XC737272.mp3,16.0,19.0,-35.733698263472206,-35.777394179734046,non_bird,,,0.0,0.0,non_bird,1,nonbird_lowconf,/Users/justyna-przy/Projects/ISE/FYP/src/dataset/bird_data/clips/non_bird/falco_peregrinus/XC737272__s16000__e19000.wav,
falco_peregrinus,937086,Falco peregrinus,/Users/justyna-przy/Projects/ISE/FYP/src/dataset/bird_data/raw/falco_peregrinus/XC937086.mp3,4.0,7.0,-38.27262777308779,-40.0,species,Falco peregrinus,Peregrine Falcon,0.8801469802856445,0.8801469802856445,species,1,rand_species,/Users/justyna-przy/Projects/ISE/FYP/src/dataset/bird_data/clips/species/falco_peregrinus/XC937086__s4000__e7000.wav,
falco_peregrinus,937086,Falco peregrinus,/Users/justyna-przy/Projects/ISE/FYP/src/dataset/bird_data/raw/falco_peregrinus/XC937086.mp3,7.0,10.0,-32.971571309361465,-40.0,species,Falco peregrinus,Peregrine Falcon,0.9106820821762085,0.9106820821762085,species,1,rand_species,/Users/justyna-przy/Projects/ISE/FYP/src/dataset/bird_data/clips/species/falco_peregrinus/XC937086__s7000__e10000.wav,
falco_peregrinus,937086,Falco peregrinus,/Users/justyna-przy/Projects/ISE/FYP/src/dataset/bird_data/raw/falco_peregrinus/XC937086.mp3,13.0,16.0,-39.576654741956716,-40.0,species,Falco peregrinus,Peregrine Falcon,0.893417239189148,0.893417239189148,species,1,rand_species,/Users/justyna-przy/Projects/ISE/FYP/src/dataset/bird_data/clips/species/falco_peregrinus/XC937086__s13000__e16000.wav,
falco_peregrinus,882237,Falco peregrinus,/Users/justyna-przy/Projects/ISE/FYP/src/dataset/bird_data/raw/falco_peregrinus/XC882237.mp3,1.0,4.0,-38.621304940478055,-39.7084271767779,species,Falco peregrinus,Peregrine Falcon,0.9995477795600891,0.9995477795600891,species,0,,,
falco_peregrinus,882237,Falco peregrinus,/Users/justyna-przy/Projects/ISE/FYP/src/dataset/bird_data/raw/falco_peregrinus/XC882237.mp3,4.0,7.0,-39.32785293884605,-39.7084271767779,species,Falco peregrinus,Peregrine Falcon,0.9185354709625244,0.9185354709625244,species,1,rand_species,/Users/justyna-przy/Projects/ISE/FYP/src/dataset/bird_data/clips/species/falco_peregrinus/XC882237__s4000__e7000.wav,
falco_peregrinus,882237,Falco peregrinus,/Users/justyna-przy/Projects/ISE/FYP/src/dataset/bird_data/raw/falco_peregrinus/XC882237.mp3,7.0,10.0,-39.48775008944135,-39.7084271767779,species,Falco peregrinus,Peregrine Falcon,0.969430685043335,0.969430685043335,species,0,,,
falco_peregrinus,882237,Falco peregrinus,/Users/justyna-przy/Projects/ISE/FYP/src/dataset/bird_data/raw/falco_peregrinus/XC882237.mp3,10.0,13.0,-38.822215878029986,-39.7084271767779,species,Falco peregrinus,Peregrine Falcon,0.9998537302017212,0.9998537302017212,species,0,,,
falco_peregrinus,882237,Falco peregrinus,/Users/justyna-przy/Projects/ISE/FYP/src/dataset/bird_data/raw/falco_peregrinus/XC882237.mp3,13.0,16.0,-38.34934755288235,-39.7084271767779,species,Falco peregrinus,Peregrine Falcon,0.999543309211731,0.999543309211731,species,1,rand_species,/Users/justyna-przy/Projects/ISE/FYP/src/dataset/bird_data/clips/species/falco_peregrinus/XC882237__s13000__e16000.wav,
falco_peregrinus,882237,Falco peregrinus,/Users/justyna-przy/Projects/ISE/FYP/src/dataset/bird_data/raw/falco_peregrinus/XC882237.mp3,16.0,19.0,-38.21079031617862,-39.7084271767779,species,Falco peregrinus,Peregrine Falcon,0.9960885047912598,0.9960885047912598,species,1,rand_species,/Users/justyna-przy/Projects/ISE/FYP/src/dataset/bird_data/clips/species/falco_peregrinus/XC882237__s16000__e19000.wav,
falco_peregrinus,999943,Falco peregrinus,/Users/justyna-przy/Projects/ISE/FYP/src/dataset/bird_data/raw/falco_peregrinus/XC999943.mp3,10.0,13.0,-44.741152755909745,-40.0,species,Falco peregrinus,Peregrine Falcon,0.4047076106071472,0.4047076106071472,species,1,rand_species,/Users/justyna-przy/Projects/ISE/FYP/src/dataset/bird_data/clips/species/falco_peregrinus/XC999943__s10000__e13000.wav,
falco_peregrinus,35979,Falco peregrinus,/Users/justyna-przy/Projects/ISE/FYP/src/dataset/bird_data/raw/falco_peregrinus/XC35979.mp3,1.0,4.0,-37.24445678578767,-37.55505432487641,species,Falco peregrinus,Peregrine Falcon,0.9999303817749023,0.9999303817749023,species,0,,,
falco_peregrinus,35979,Falco peregrinus,/Users/justyna-przy/Projects/ISE/FYP/src/dataset/bird_data/raw/falco_peregrinus/XC35979.mp3,10.0,13.0,-37.28734372505261,-37.55505432487641,species,Falco peregrinus,Peregrine Falcon,0.9976804256439209,0.9976804256439209,species,1,rand_species,/Users/justyna-przy/Projects/ISE/FYP/src/dataset/bird_data/clips/species/falco_peregrinus/XC35979__s10000__e13000.wav,
falco_peregrinus,35979,Falco peregrinus,/Users/justyna-przy/Projects/ISE/FYP/src/dataset/bird_data/raw/falco_peregrinus/XC35979.mp3,13.0,16.0,-29.610704103573006,-37.55505432487641,species,Falco peregrinus,Peregrine Falcon,0.9991672039031982,0.9991672039031982,species,0,,,
falco_peregrinus,35979,Falco peregrinus,/Users/justyna-przy/Projects/ISE/FYP/src/dataset/bird_data/raw/falco_peregrinus/XC35979.mp3,16.0,19.0,-25.853423667360353,-37.55505432487641,species,Falco peregrinus,Peregrine Falcon,0.9983224272727966,0.9983224272727966,species,1,rand_species,/Users/justyna-przy/Projects/ISE/FYP/src/dataset/bird_data/clips/species/falco_peregrinus/XC35979__s16000__e19000.wav,
falco_peregrinus,35979,Falco peregrinus,/Users/justyna-przy/Projects/ISE/FYP/src/dataset/bird_data/raw/falco_peregrinus/XC35979.mp3,19.0,22.0,-29.299284172846928,-37.55505432487641,species,Falco peregrinus,Peregrine Falcon,0.9989778995513916,0.9989778995513916,species,1,rand_species,/Users/justyna-przy/Projects/ISE/FYP/src/dataset/bird_data/clips/species/falco_peregrinus/XC35979__s19000__e22000.wav,
falco_peregrinus,425039,Falco peregrinus,/Users/justyna-przy/Projects/ISE/FYP/src/dataset/bird_data/raw/falco_peregrinus/XC425039.mp3,1.0,4.0,-42.08514954798866,-40.0,drop,Mackenziaena severa,Tufted Antshrike,0.19053491950035095,0.19053491950035095,drop,0,,,
falco_peregrinus,683930,Falco peregrinus,/Users/justyna-przy/Projects/ISE/FYP/src/dataset/bird_data/raw/falco_peregrinus/XC683930.mp3,1.0,4.0,-42.41977418206521,-40.0,species,Falco peregrinus,Peregrine Falcon,0.7028864026069641,0.7028864026069641,species,1,rand_species,/Users/justyna-przy/Projects/ISE/FYP/src/dataset/bird_data/clips/species/falco_peregrinus/XC683930__s1000__e4000.wav,
falco_peregrinus,882236,Falco peregrinus,/Users/justyna-przy/Projects/ISE/FYP/src/dataset/bird_data/raw/falco_peregrinus/XC882236.mp3,1.0,4.0,-39.693099416276574,-39.768609936597876,species,Falco peregrinus,Peregrine Falcon,0.9400362372398376,0.9400362372398376,species,1,rand_species,/Users/justyna-przy/Projects/ISE/FYP/src/dataset/bird_data/clips/species/falco_peregrinus/XC882236__s1000__e4000.wav,
falco_peregrinus,882236,Falco peregrinus,/Users/justyna-przy/Projects/ISE/FYP/src/dataset/bird_data/raw/falco_peregrinus/XC882236.mp3,10.0,13.0,-39.08117770055943,-39.768609936597876,drop,Falco peregrinus,Peregrine Falcon,0.23182444274425507,0.23182444274425507,drop,0,,,
falco_peregrinus,882236,Falco peregrinus,/Users/justyna-przy/Projects/ISE/FYP/src/dataset/bird_data/raw/falco_peregrinus/XC882236.mp3,13.0,16.0,-27.83661084831589,-39.768609936597876,species,Falco peregrinus,Peregrine Falcon,0.9875025749206543,0.9875025749206543,species,1,rand_species,/Users/justyna-przy/Projects/ISE/FYP/src/dataset/bird_data/clips/species/falco_peregrinus/XC882236__s13000__e16000.wav,
falco_peregrinus,882236,Falco peregrinus,/Users/justyna-przy/Projects/ISE/FYP/src/dataset/bird_data/raw/falco_peregrinus/XC882236.mp3,16.0,19.0,-32.897203907808105,-39.768609936597876,species,Falco peregrinus,Peregrine Falcon,0.9994699358940125,0.9994699358940125,species,1,rand_species,/Users/justyna-przy/Projects/ISE/FYP/src/dataset/bird_data/clips/species/falco_peregrinus/XC882236__s16000__e19000.wav,
falco_peregrinus,882236,Falco peregrinus,/Users/justyna-przy/Projects/ISE/FYP/src/dataset/bird_data/raw/falco_peregrinus/XC882236.mp3,19.0,22.0,-39.01666906701804,-39.768609936597876,drop,Falco peregrinus,Peregrine Falcon,0.24649803340435028,0.24649803340435028,drop,0,,,
falco_peregrinus,998008,Falco peregrinus,/Users/justyna-przy/Projects/ISE/FYP/src/dataset/bird_data/raw/falco_peregrinus/XC998008.mp3,1.0,4.0,-33.72346357203816,-37.94515235623878,species,Falco peregrinus,Peregrine Falcon,0.49928897619247437,0.49928897619247437,species,1,rand_species,/Users/justyna-przy/Projects/ISE/FYP/src/dataset/bird_data/clips/species/falco_peregrinus/XC998008__s1000__e4000.wav,
falco_peregrinus,998008,Falco peregrinus,/Users/justyna-przy/Projects/ISE/FYP/src/dataset/bird_data/raw/falco_peregrinus/XC998008.mp3,4.0,7.0,-35.25069578861236,-37.94515235623878,non_bird,,,0.0,0.0,non_bird,1,nonbird_lowconf,/Users/justyna-przy/Projects/ISE/FYP/src/dataset/bird_data/clips/non_bird/falco_peregrinus/XC998008__s4000__e7000.wav,
falco_peregrinus,998008,Falco peregrinus,/Users/justyna-przy/Projects/ISE/FYP/src/dataset/bird_data/raw/falco_peregrinus/XC998008.mp3,7.0,10.0,-37.595630037113835,-37.94515235623878,non_bird,,,0.0,0.0,non_bird,1,nonbird_lowconf,/Users/justyna-przy/Projects/ISE/FYP/src/dataset/bird_data/clips/non_bird/falco_peregrinus/XC998008__s7000__e10000.wav,
falco_peregrinus,998008,Falco peregrinus,/Users/justyna-przy/Projects/ISE/FYP/src/dataset/bird_data/raw/falco_peregrinus/XC998008.mp3,13.0,16.0,-37.62548310378488,-37.94515235623878,drop,Falco peregrinus,Peregrine Falcon,0.2971399128437042,0.2971399128437042,drop,0,,,
falco_peregrinus,998008,Falco peregrinus,/Users/justyna-przy/Projects/ISE/FYP/src/dataset/bird_data/raw/falco_peregrinus/XC998008.mp3,16.0,19.0,-37.28366615520712,-37.94515235623878,species,Falco peregrinus,Peregrine Falcon,0.9921783208847046,0.9921783208847046,species,1,rand_species,/Users/justyna-przy/Projects/ISE/FYP/src/dataset/bird_data/clips/species/falco_peregrinus/XC998008__s16000__e19000.wav,
falco_peregrinus,35976,Falco peregrinus,/Users/justyna-przy/Projects/ISE/FYP/src/dataset/bird_data/raw/falco_peregrinus/XC35976.mp3,1.0,4.0,-26.737785238489494,-27.059697893034144,species,Falco peregrinus,Peregrine Falcon,0.9233450293540955,0.9233450293540955,species,1,rand_species,/Users/justyna-przy/Projects/ISE/FYP/src/dataset/bird_data/clips/species/falco_peregrinus/XC35976__s1000__e4000.wav,
falco_peregrinus,35976,Falco peregrinus,/Users/justyna-przy/Projects/ISE/FYP/src/dataset/bird_data/raw/falco_peregrinus/XC35976.mp3,4.0,7.0,-23.815413599476436,-27.059697893034144,species,Falco peregrinus,Peregrine Falcon,0.9957374334335327,0.9957374334335327,species,1,rand_species,/Users/justyna-przy/Projects/ISE/FYP/src/dataset/bird_data/clips/species/falco_peregrinus/XC35976__s4000__e7000.wav,
falco_peregrinus,380208,Falco peregrinus,/Users/justyna-przy/Projects/ISE/FYP/src/dataset/bird_data/raw/falco_peregrinus/XC380208.mp3,13.0,16.0,-41.27420096941148,-40.0,drop,Cacomantis pallidus,Pallid Cuckoo,0.10842035710811615,0.10842035710811615,drop,0,,,
falco_peregrinus,683794,Falco peregrinus,/Users/justyna-przy/Projects/ISE/FYP/src/dataset/bird_data/raw/falco_peregrinus/XC683794.mp3,1.0,4.0,-32.080605168461595,-40.0,species,Falco peregrinus,Peregrine Falcon,0.7126052379608154,0.7126052379608154,species,1,rand_species,/Users/justyna-przy/Projects/ISE/FYP/src/dataset/bird_data/clips/species/falco_peregrinus/XC683794__s1000__e4000.wav,
falco_peregrinus,683794,Falco peregrinus,/Users/justyna-przy/Projects/ISE/FYP/src/dataset/bird_data/raw/falco_peregrinus/XC683794.mp3,4.0,7.0,-39.86536443960717,-40.0,species,Falco peregrinus,Peregrine Falcon,0.7109010219573975,0.7109010219573975,species,1,rand_species,/Users/justyna-przy/Projects/ISE/FYP/src/dataset/bird_data/clips/species/falco_peregrinus/XC683794__s4000__e7000.wav,
falco_peregrinus,683794,Falco peregrinus,/Users/justyna-przy/Projects/ISE/FYP/src/dataset/bird_data/raw/falco_peregrinus/XC683794.mp3,13.0,16.0,-39.39897018618094,-40.0,drop,Falco peregrinus,Peregrine Falcon,0.2417893260717392,0.2417893260717392,drop,0,,,
falco_peregrinus,882235,Falco peregrinus,/Users/justyna-przy/Projects/ISE/FYP/src/dataset/bird_data/raw/falco_peregrinus/XC882235.mp3,4.0,7.0,-33.12223371908931,-34.9426780479127,species,Falco peregrinus,Peregrine Falcon,0.9970787763595581,0.9970787763595581,species,1,rand_species,/Users/justyna-przy/Projects/ISE/FYP/src/dataset/bird_data/clips/species/falco_peregrinus/XC882235__s4000__e7000.wav,
falco_peregrinus,882235,Falco peregrinus,/Users/justyna-przy/Projects/ISE/FYP/src/dataset/bird_data/raw/falco_peregrinus/XC882235.mp3,7.0,10.0,-31.326602925156834,-34.9426780479127,species,Falco peregrinus,Peregrine Falcon,0.8950149416923523,0.8950149416923523,species,0,,,
falco_peregrinus,882235,Falco peregrinus,/Users/justyna-przy/Projects/ISE/FYP/src/dataset/bird_data/raw/falco_peregrinus/XC882235.mp3,10.0,13.0,-32.02559538869592,-34.9426780479127,species,Falco peregrinus,Peregrine Falcon,0.9997051358222961,0.9997051358222961,species,0,,,
falco_peregrinus,882235,Falco peregrinus,/Users/justyna-przy/Projects/ISE/FYP/src/dataset/bird_data/raw/falco_peregrinus/XC882235.mp3,13.0,16.0,-34.146942093028095,-34.9426780479127,species,Falco peregrinus,Peregrine Falcon,0.9981147050857544,0.9981147050857544,species,1,rand_species,/Users/justyna-przy/Projects/ISE/FYP/src/dataset/bird_data/clips/species/falco_peregrinus/XC882235__s13000__e16000.wav,
falco_peregrinus,882235,Falco peregrinus,/Users/justyna-przy/Projects/ISE/FYP/src/dataset/bird_data/raw/falco_peregrinus/XC882235.mp3,16.0,19.0,-34.07118818259506,-34.9426780479127,species,Falco peregrinus,Peregrine Falcon,0.99619460105896,0.99619460105896,species,1,rand_species,/Users/justyna-przy/Projects/ISE/FYP/src/dataset/bird_data/clips/species/falco_peregrinus/XC882235__s16000__e19000.wav,
falco_peregrinus,956859,Falco peregrinus,/Users/justyna-przy/Projects/ISE/FYP/src/dataset/bird_data/raw/falco_peregrinus/XC956859.mp3,1.0,4.0,-23.83152317918997,-29.985125758760198,drop,Melanerpes aurifrons,Golden-fronted Woodpecker,0.44010114669799805,0.44010114669799805,drop,0,,,
falco_peregrinus,956859,Falco peregrinus,/Users/justyna-przy/Projects/ISE/FYP/src/dataset/bird_data/raw/falco_peregrinus/XC956859.mp3,4.0,7.0,-25.077305848386825,-29.985125758760198,drop,Falco peregrinus,Peregrine Falcon,0.17649081349372864,0.17649081349372864,drop,0,,,
falco_peregrinus,956859,Falco peregrinus,/Users/justyna-przy/Projects/ISE/FYP/src/dataset/bird_data/raw/falco_peregrinus/XC956859.mp3,7.0,10.0,-28.469117385335053,-29.985125758760198,drop,Falco peregrinus,Peregrine Falcon,0.1658918410539627,0.1658918410539627,drop,0,,,
falco_peregrinus,35917,Falco peregrinus,/Users/justyna-przy/Projects/ISE/FYP/src/dataset/bird_data/raw/falco_peregrinus/XC35917.mp3,4.0,7.0,-28.127701399881477,-28.422158196655626,species,Falco peregrinus,Peregrine Falcon,0.9998067021369934,0.9998067021369934,species,1,rand_species,/Users/justyna-przy/Projects/ISE/FYP/src/dataset/bird_data/clips/species/falco_peregrinus/XC35917__s4000__e7000.wav,
falco_peregrinus,35917,Falco peregrinus,/Users/justyna-przy/Projects/ISE/FYP/src/dataset/bird_data/raw/falco_peregrinus/XC35917.mp3,7.0,10.0,-24.33067768830998,-28.422158196655626,species,Falco peregrinus,Peregrine Falcon,0.7998036742210388,0.7998036742210388,species,1,rand_species,/Users/justyna-przy/Projects/ISE/FYP/src/dataset/bird_data/clips/species/falco_peregrinus/XC35917__s7000__e10000.wav,
falco_peregrinus,35917,Falco peregrinus,/Users/justyna-przy/Projects/ISE/FYP/src/dataset/bird_data/raw/falco_peregrinus/XC35917.mp3,10.0,13.0,-22.65468030941454,-28.422158196655626,species,Falco peregrinus,Peregrine Falcon,0.9724352955818176,0.9724352955818176,species,1,rand_species,/Users/justyna-przy/Projects/ISE/FYP/src/dataset/bird_data/clips/species/falco_peregrinus/XC35917__s10000__e13000.wav,
falco_peregrinus,190488,Falco peregrinus,/Users/justyna-przy/Projects/ISE/FYP/src/dataset/bird_data/raw/falco_peregrinus/XC190488.mp3,1.0,4.0,-44.97969163559912,-40.0,species,Falco peregrinus,Peregrine Falcon,0.9932524561882019,0.9932524561882019,species,1,rand_species,/Users/justyna-przy/Projects/ISE/FYP/src/dataset/bird_data/clips/species/falco_peregrinus/XC190488__s1000__e4000.wav,
falco_peregrinus,603121,Falco peregrinus,/Users/justyna-przy/Projects/ISE/FYP/src/dataset/bird_data/raw/falco_peregrinus/XC603121.mp3,7.0,10.0,-40.863180696794714,-40.0,drop,Falco peregrinus,Peregrine Falcon,0.1670788824558258,0.1670788824558258,drop,0,,,
falco_peregrinus,882234,Falco peregrinus,/Users/justyna-przy/Projects/ISE/FYP/src/dataset/bird_data/raw/falco_peregrinus/XC882234.mp3,1.0,4.0,-36.56688190253807,-36.63869714442734,drop,Phoeniculus purpureus,Green Woodhoopoe,0.632037341594696,0.632037341594696,drop,0,,,
falco_peregrinus,882234,Falco peregrinus,/Users/justyna-przy/Projects/ISE/FYP/src/dataset/bird_data/raw/falco_peregrinus/XC882234.mp3,4.0,7.0,-34.55706535529511,-36.63869714442734,non_bird,,,0.0,0.0,non_bird,1,nonbird_lowconf,/Users/justyna-przy/Projects/ISE/FYP/src/dataset/bird_data/clips/non_bird/falco_peregrinus/XC882234__s4000__e7000.wav,
falco_peregrinus,417173,Falco peregrinus,/Users/justyna-przy/Projects/ISE/FYP/src/dataset/bird_data/raw/falco_peregrinus/XC417173.mp3,18.0,21.0,-34.05437152412535,-40.0,species,Falco peregrinus,Peregrine Falcon,0.9323742985725403,0.9323742985725403,species,1,rand_species,/Users/justyna-przy/Projects/ISE/FYP/src/dataset/bird_data/clips/species/falco_peregrinus/XC417173__s18000__e21000.wav,
falco_peregrinus,417173,Falco peregrinus,/Users/justyna-przy/Projects/ISE/FYP/src/dataset/bird_data/raw/falco_peregrinus/XC417173.mp3,30.0,33.0,-34.856456568782974,-40.0,species,Falco peregrinus,Peregrine Falcon,0.8293153643608093,0.8293153643608093,species,1,rand_species,/Users/justyna-przy/Projects/ISE/FYP/src/dataset/bird_data/clips/species/falco_peregrinus/XC417173__s30000__e33000.wav,
falco_peregrinus,918527,Falco peregrinus,/Users/justyna-przy/Projects/ISE/FYP/src/dataset/bird_data/raw/falco_peregrinus/XC918527.mp3,4.0,7.0,-50.08152290569043,-40.0,species,Falco peregrinus,Peregrine Falcon,0.9972800016403198,0.9972800016403198,species,1,rand_species,/Users/justyna-przy/Projects/ISE/FYP/src/dataset/bird_data/clips/species/falco_peregrinus/XC918527__s4000__e7000.wav,
falco_peregrinus,594428,Falco peregrinus,/Users/justyna-przy/Projects/ISE/FYP/src/dataset/bird_data/raw/falco_peregrinus/XC594428.mp3,1.0,4.0,-33.889658500874496,-33.889658500874496,species,Falco peregrinus,Peregrine Falcon,0.32999640703201294,0.32999640703201294,species,1,rand_species,/Users/justyna-przy/Projects/ISE/FYP/src/dataset/bird_data/clips/species/falco_peregrinus/XC594428__s1000__e4000.wav,
falco_peregrinus,882233,Falco peregrinus,/Users/justyna-przy/Projects/ISE/FYP/src/dataset/bird_data/raw/falco_peregrinus/XC882233.mp3,4.0,7.0,-27.72875920161569,-29.428165681300914,species,Falco peregrinus,Peregrine Falcon,0.3287819027900696,0.3287819027900696,species,1,rand_species,/Users/justyna-przy/Projects/ISE/FYP/src/dataset/bird_data/clips/species/falco_peregrinus/XC882233__s4000__e7000.wav,
falco_peregrinus,296658,Falco peregrinus,/Users/justyna-przy/Projects/ISE/FYP/src/dataset/bird_data/raw/falco_peregrinus/XC296658.mp3,1.0,4.0,-25.415194170518582,-30.317391129846502,species,Falco peregrinus,Peregrine Falcon,0.7781385779380798,0.7781385779380798,species,1,rand_species,/Users/justyna-przy/Projects/ISE/FYP/src/dataset/bird_data/clips/species/falco_peregrinus/XC296658__s1000__e4000.wav,
falco_peregrinus,296658,Falco peregrinus,/Users/justyna-przy/Projects/ISE/FYP/src/dataset/bird_data/raw/falco_peregrinus/XC296658.mp3,4.0,7.0,-27.614860100393148,-30.317391129846502,species,Falco peregrinus,Peregrine Falcon,0.8589264154434204,0.8589264154434204,species,0,,,
falco_peregrinus,296658,Falco peregrinus,/Users/justyna-przy/Projects/ISE/FYP/src/dataset/bird_data/raw/falco_peregrinus/XC296658.mp3,7.0,10.0,-27.54986055366164,-30.317391129846502,species,Falco peregrinus,Peregrine Falcon,0.5532163977622986,0.5532163977622986,species,1,rand_species,/Users/justyna-przy/Projects/ISE/FYP/src/dataset/bird_data/clips/species/falco_peregrinus/XC296658__s7000__e10000.wav,
falco_peregrinus,296658,Falco peregrinus,/Users/justyna-przy/Projects/ISE/FYP/src/dataset/bird_data/raw/falco_peregrinus/XC296658.mp3,10.0,13.0,-29.635814406685398,-30.317391129846502,drop,Aegithalos caudatus,Long-tailed Tit,0.7872294783592224,0.7872294783592224,drop,0,,,
falco_peregrinus,296658,Falco peregrinus,/Users/justyna-przy/Projects/ISE/FYP/src/dataset/bird_data/raw/falco_peregrinus/XC296658.mp3,22.0,25.0,-27.003514995020666,-30.317391129846502,species,Falco peregrinus,Peregrine Falcon,0.4177800714969635,0.4177800714969635,species,1,rand_species,/Users/justyna-przy/Projects/ISE/FYP/src/dataset/bird_data/clips/species/falco_peregrinus/XC296658__s22000__e25000.wav,
falco_peregrinus,296658,Falco peregrinus,/Users/justyna-przy/Projects/ISE/FYP/src/dataset/bird_data/raw/falco_peregrinus/XC296658.mp3,25.0,28.0,-29.178882594543808,-30.317391129846502,drop,Columba palumbus,Common Wood-Pigeon,0.11610167473554611,0.11610167473554611,drop,0,,,
falco_peregrinus,605203,Falco peregrinus,/Users/justyna-przy/Projects/ISE/FYP/src/dataset/bird_data/raw/falco_peregrinus/XC605203.mp3,10.0,13.0,-35.65177339515089,-40.0,species,Falco peregrinus,Peregrine Falcon,0.9826104044914246,0.9826104044914246,species,1,rand_species,/Users/justyna-przy/Projects/ISE/FYP/src/dataset/bird_data/clips/species/falco_peregrinus/XC605203__s10000__e13000.wav,
falco_peregrinus,605203,Falco peregrinus,/Users/justyna-przy/Projects/ISE/FYP/src/dataset/bird_data/raw/falco_peregrinus/XC605203.mp3,13.0,16.0,-32.67795810961339,-40.0,species,Falco peregrinus,Peregrine Falcon,0.8282881379127502,0.8282881379127502,species,1,rand_species,/Users/justyna-przy/Projects/ISE/FYP/src/dataset/bird_data/clips/species/falco_peregrinus/XC605203__s13000__e16000.wav,
falco_peregrinus,605203,Falco peregrinus,/Users/justyna-przy/Projects/ISE/FYP/src/dataset/bird_data/raw/falco_peregrinus/XC605203.mp3,16.0,19.0,-38.6445518417281,-40.0,drop,Ardea cinerea,Gray Heron,0.30802416801452637,0.30802416801452637,drop,0,,,
falco_peregrinus,605203,Falco peregrinus,/Users/justyna-przy/Projects/ISE/FYP/src/dataset/bird_data/raw/falco_peregrinus/XC605203.mp3,25.0,28.0,-34.70846748347305,-40.0,species,Falco peregrinus,Peregrine Falcon,0.9825558662414551,0.9825558662414551,species,1,rand_species,/Users/justyna-przy/Projects/ISE/FYP/src/dataset/bird_data/clips/species/falco_peregrinus/XC605203__s25000__e28000.wav,
falco_peregrinus,565766,Falco peregrinus,/Users/justyna-przy/Projects/ISE/FYP/src/dataset/bird_data/raw/falco_peregrinus/XC565766.mp3,1.0,4.0,-34.68793073980008,-34.68793073980008,drop,Acrocephalus scirpaceus,Eurasian Reed Warbler,0.23326988518238068,0.23326988518238068,drop,0,,,
falco_peregrinus,882231,Falco peregrinus,/Users/justyna-przy/Projects/ISE/FYP/src/dataset/bird_data/raw/falco_peregrinus/XC882231.mp3,6.0,9.0,-31.835317796652134,-34.25808598409992,species,Falco peregrinus,Peregrine Falcon,0.9999363422393799,0.9999363422393799,species,1,rand_species,/Users/justyna-przy/Projects/ISE/FYP/src/dataset/bird_data/clips/species/falco_peregrinus/XC882231__s6000__e9000.wav,
falco_peregrinus,882231,Falco peregrinus,/Users/justyna-przy/Projects/ISE/FYP/src/dataset/bird_data/raw/falco_peregrinus/XC882231.mp3,9.0,12.0,-30.63236321424897,-34.25808598409992,species,Falco peregrinus,Peregrine Falcon,0.9994476437568665,0.9994476437568665,species,1,rand_species,/Users/justyna-przy/Projects/ISE/FYP/src/dataset/bird_data/clips/species/falco_peregrinus/XC882231__s9000__e12000.wav,
falco_peregrinus,882231,Falco peregrinus,/Users/justyna-przy/Projects/ISE/FYP/src/dataset/bird_data/raw/falco_peregrinus/XC882231.mp3,15.0,18.0,-33.611652011313836,-34.25808598409992,species,Falco peregrinus,Peregrine Falcon,0.9905775785446167,0.9905775785446167,species,0,,,
falco_peregrinus,882231,Falco peregrinus,/Users/justyna-przy/Projects/ISE/FYP/src/dataset/bird_data/raw/falco_peregrinus/XC882231.mp3,18.0,21.0,-29.941272473984778,-34.25808598409992,species,Falco peregrinus,Peregrine Falcon,0.9946923851966858,0.9946923851966858,species,0,,,
falco_peregrinus,882231,Falco peregrinus,/Users/justyna-przy/Projects/ISE/FYP/src/dataset/bird_data/raw/falco_peregrinus/XC882231.mp3,21.0,24.0,-31.390166452030147,-34.25808598409992,drop,Phylloscopus collybita,Common Chiffchaff,0.4318833351135254,0.4318833351135254,drop,0,,,
falco_peregrinus,882231,Falco peregrinus,/Users/justyna-przy/Projects/ISE/FYP/src/dataset/bird_data/raw/falco_peregrinus/XC882231.mp3,24.0,27.0,-32.53083073101787,-34.25808598409992,species,Falco peregrinus,Peregrine Falcon,0.9517130255699158,0.9517130255699158,species,1,rand_species,/Users/justyna-przy/Projects/ISE/FYP/src/dataset/bird_data/clips/species/falco_peregrinus/XC882231__s24000__e27000.wav,
falco_peregrinus,253422,Falco peregrinus,/Users/justyna-przy/Projects/ISE/FYP/src/dataset/bird_data/raw/falco_peregrinus/XC253422.mp3,1.0,4.0,-47.702351589241346,-40.0,species,Falco peregrinus,Peregrine Falcon,0.6471235156059265,0.6471235156059265,species,1,rand_species,/Users/justyna-przy/Projects/ISE/FYP/src/dataset/bird_data/clips/species/falco_peregrinus/XC253422__s1000__e4000.wav,
falco_peregrinus,569839,Falco peregrinus,/Users/justyna-przy/Projects/ISE/FYP/src/dataset/bird_data/raw/falco_peregrinus/XC569839.mp3,7.0,10.0,-38.082262539257606,-40.0,species,Falco peregrinus,Peregrine Falcon,0.9785811305046082,0.9785811305046082,species,1,rand_species,/Users/justyna-przy/Projects/ISE/FYP/src/dataset/bird_data/clips/species/falco_peregrinus/XC569839__s7000__e10000.wav,
falco_peregrinus,569839,Falco peregrinus,/Users/justyna-przy/Projects/ISE/FYP/src/dataset/bird_data/raw/falco_peregrinus/XC569839.mp3,10.0,13.0,-31.065481079970972,-40.0,species,Falco peregrinus,Peregrine Falcon,0.9841290712356567,0.9841290712356567,species,1,rand_species,/Users/justyna-przy/Projects/ISE/FYP/src/dataset/bird_data/clips/species/falco_peregrinus/XC569839__s10000__e13000.wav,
falco_peregrinus,153806,Falco peregrinus,/Users/justyna-przy/Projects/ISE/FYP/src/dataset/bird_data/raw/falco_peregrinus/XC153806.mp3,1.0,4.0,-46.22423838869756,-40.0,species,Falco peregrinus,Peregrine Falcon,0.8791919946670532,0.8791919946670532,species,1,rand_species,/Users/justyna-przy/Projects/ISE/FYP/src/dataset/bird_data/clips/species/falco_peregrinus/XC153806__s1000__e4000.wav,
falco_peregrinus,882230,Falco peregrinus,/Users/justyna-przy/Projects/ISE/FYP/src/dataset/bird_data/raw/falco_peregrinus/XC882230.mp3,1.0,4.0,-30.727406011075324,-31.24935093036018,species,Falco peregrinus,Peregrine Falcon,0.9499107003211975,0.9499107003211975,species,1,rand_species,/Users/justyna-przy/Projects/ISE/FYP/src/dataset/bird_data/clips/species/falco_peregrinus/XC882230__s1000__e4000.wav,
falco_peregrinus,569838,Falco peregrinus,/Users/justyna-przy/Projects/ISE/FYP/src/dataset/bird_data/raw/falco_peregrinus/XC569838.mp3,1.0,4.0,-37.41454557734381,-40.0,species,Falco peregrinus,Peregrine Falcon,0.8691989779472351,0.8691989779472351,species,1,rand_species,/Users/justyna-przy/Projects/ISE/FYP/src/dataset/bird_data/clips/species/falco_peregrinus/XC569838__s1000__e4000.wav,
falco_peregrinus,882228,Falco peregrinus,/Users/justyna-przy/Projects/ISE/FYP/src/dataset/bird_data/raw/falco_peregrinus/XC882228.mp3,4.0,7.0,-29.453997765625925,-37.22662299550078,species,Falco peregrinus,Peregrine Falcon,0.9707843661308289,0.9707843661308289,species,1,rand_species,/Users/justyna-przy/Projects/ISE/FYP/src/dataset/bird_data/clips/species/falco_peregrinus/XC882228__s4000__e7000.wav,
falco_peregrinus,882228,Falco peregrinus,/Users/justyna-przy/Projects/ISE/FYP/src/dataset/bird_data/raw/falco_peregrinus/XC882228.mp3,7.0,10.0,-31.074020532582352,-37.22662299550078,species,Falco peregrinus,Peregrine Falcon,0.5668509006500244,0.5668509006500244,species,1,rand_species,/Users/justyna-przy/Projects/ISE/FYP/src/dataset/bird_data/clips/species/falco_peregrinus/XC882228__s7000__e10000.wav,
falco_peregrinus,882228,Falco peregrinus,/Users/justyna-przy/Projects/ISE/FYP/src/dataset/bird_data/raw/falco_peregrinus/XC882228.mp3,10.0,13.0,-33.00410182986085,-37.22662299550078,species,Falco peregrinus,Peregrine Falcon,0.9974270462989807,0.9974270462989807,species,1,rand_species,/Users/justyna-przy/Projects/ISE/FYP/src/dataset/bird_data/clips/species/falco_peregrinus/XC882228__s10000__e13000.wav,
falco_peregrinus,569837,Falco peregrinus,/Users/justyna-przy/Projects/ISE/FYP/src/dataset/bird_data/raw/falco_peregrinus/XC569837.mp3,1.0,4.0,-32.31593304235113,-39.10036066441453,species,Falco peregrinus,Peregrine Falcon,0.9996185302734375,0.9996185302734375,species,1,rand_species,/Users/justyna-przy/Projects/ISE/FYP/src/dataset/bird_data/clips/species/falco_peregrinus/XC569837__s1000__e4000.wav,
falco_peregrinus,569837,Falco peregrinus,/Users/justyna-przy/Projects/ISE/FYP/src/dataset/bird_data/raw/falco_peregrinus/XC569837.mp3,7.0,10.0,-38.60357918491756,-39.10036066441453,species,Falco peregrinus,Peregrine Falcon,0.9991231560707092,0.9991231560707092,species,1,rand_species,/Users/justyna-przy/Projects/ISE/FYP/src/dataset/bird_data/clips/species/falco_peregrinus/XC569837__s7000__e10000.wav,
falco_peregrinus,882222,Falco peregrinus,/Users/justyna-przy/Projects/ISE/FYP/src/dataset/bird_data/raw/falco_peregrinus/XC882222.mp3,4.0,7.0,-36.64390790047924,-38.88864909308126,species,Falco peregrinus,Peregrine Falcon,0.9869076013565063,0.9869076013565063,species,0,,,
falco_peregrinus,882222,Falco peregrinus,/Users/justyna-przy/Projects/ISE/FYP/src/dataset/bird_data/raw/falco_peregrinus/XC882222.mp3,7.0,10.0,-37.23194244239921,-38.88864909308126,species,Falco peregrinus,Peregrine Falcon,0.5458480715751648,0.5458480715751648,species,1,rand_species,/Users/justyna-przy/Projects/ISE/FYP/src/dataset/bird_data/clips/species/falco_peregrinus/XC882222__s7000__e10000.wav,
falco_peregrinus,882222,Falco peregrinus,/Users/justyna-przy/Projects/ISE/FYP/src/dataset/bird_data/raw/falco_peregrinus/XC882222.mp3,10.0,13.0,-36.673553748987516,-38.88864909308126,species,Falco peregrinus,Peregrine Falcon,0.8429180383682251,0.8429180383682251,species,1,rand_species,/Users/justyna-przy/Projects/ISE/FYP/src/dataset/bird_data/clips/species/falco_peregrinus/XC882222__s10000__e13000.wav,
falco_peregrinus,882222,Falco peregrinus,/Users/justyna-przy/Projects/ISE/FYP/src/dataset/bird_data/raw/falco_peregrinus/XC882222.mp3,13.0,16.0,-35.02447781840968,-38.88864909308126,species,Falco peregrinus,Peregrine Falcon,0.9964237809181213,0.9964237809181213,species,0,,,
falco_peregrinus,882222,Falco peregrinus,/Users/justyna-przy/Projects/ISE/FYP/src/dataset/bird_data/raw/falco_peregrinus/XC882222.mp3,19.0,22.0,-38.72964535413744,-38.88864909308126,species,Falco peregrinus,Peregrine Falcon,0.9795579314231873,0.9795579314231873,species,1,rand_species,/Users/justyna-przy/Projects/ISE/FYP/src/dataset/bird_data/clips/species/falco_peregrinus/XC882222__s19000__e22000.wav,
falco_peregrinus,882222,Falco peregrinus,/Users/justyna-przy/Projects/ISE/FYP/src/dataset/bird_data/raw/falco_peregrinus/XC882222.mp3,25.0,28.0,-35.846362599345554,-38.88864909308126,species,Falco peregrinus,Peregrine Falcon,0.9975535273551941,0.9975535273551941,species,0,,,
falco_peregrinus,569799,Falco peregrinus,/Users/justyna-przy/Projects/ISE/FYP/src/dataset/bird_data/raw/falco_peregrinus/XC569799.mp3,1.0,4.0,-33.53830555885421,-35.44219194770364,drop,Micropygia schomburgkii,Ocellated Crake,0.9579594135284424,0.9579594135284424,drop,0,,,
falco_peregrinus,569799,Falco peregrinus,/Users/justyna-przy/Projects/ISE/FYP/src/dataset/bird_data/raw/falco_peregrinus/XC569799.mp3,4.0,7.0,-27.4792047767931,-35.44219194770364,drop,Micropygia schomburgkii,Ocellated Crake,0.7607436776161194,0.7607436776161194,drop,0,,,
falco_peregrinus,569799,Falco peregrinus,/Users/justyna-przy/Projects/ISE/FYP/src/dataset/bird_data/raw/falco_peregrinus/XC569799.mp3,7.0,10.0,-29.822005616691957,-35.44219194770364,drop,Melanerpes candidus,White Woodpecker,0.5308270454406738,0.5308270454406738,drop,0,,,
falco_peregrinus,569799,Falco peregrinus,/Users/justyna-przy/Projects/ISE/FYP/src/dataset/bird_data/raw/falco_peregrinus/XC569799.mp3,10.0,13.0,-32.63900756297341,-35.44219194770364,drop,Micropygia schomburgkii,Ocellated Crake,0.6002568602561951,0.6002568602561951,drop,0,,,
falco_peregrinus,569799,Falco peregrinus,/Users/justyna-przy/Projects/ISE/FYP/src/dataset/bird_data/raw/falco_peregrinus/XC569799.mp3,16.0,19.0,-28.358141850564,-35.44219194770364,species,Falco peregrinus,Peregrine Falcon,0.8040027618408203,0.8040027618408203,species,1,rand_species,/Users/justyna-przy/Projects/ISE/FYP/src/dataset/bird_data/clips/species/falco_peregrinus/XC569799__s16000__e19000.wav,
falco_peregrinus,569799,Falco peregrinus,/Users/justyna-przy/Projects/ISE/FYP/src/dataset/bird_data/raw/falco_peregrinus/XC569799.mp3,19.0,22.0,-27.369977434488867,-35.44219194770364,species,Falco peregrinus,Peregrine Falcon,0.34487539529800415,0.34487539529800415,species,1,rand_species,/Users/justyna-przy/Projects/ISE/FYP/src/dataset/bird_data/clips/species/falco_peregrinus/XC569799__s19000__e22000.wav,
falco_peregrinus,882221,Falco peregrinus,/Users/justyna-przy/Projects/ISE/FYP/src/dataset/bird_data/raw/falco_peregrinus/XC882221.mp3,30.0,33.0,-35.596914429728855,-40.0,species,Falco peregrinus,Peregrine Falcon,0.9994093179702759,0.9994093179702759,species,1,rand_species,/Users/justyna-przy/Projects/ISE/FYP/src/dataset/bird_data/clips/species/falco_peregrinus/XC882221__s30000__e33000.wav,
falco_peregrinus,882221,Falco peregrinus,/Users/justyna-przy/Projects/ISE/FYP/src/dataset/bird_data/raw/falco_peregrinus/XC882221.mp3,33.0,36.0,-36.84479939583489,-40.0,species,Falco peregrinus,Peregrine Falcon,0.9999376535415649,0.9999376535415649,species,0,,,
falco_peregrinus,882221,Falco peregrinus,/Users/justyna-przy/Projects/ISE/FYP/src/dataset/bird_data/raw/falco_peregrinus/XC882221.mp3,36.0,39.0,-36.47261664358752,-40.0,species,Falco peregrinus,Peregrine Falcon,0.9999711513519287,0.9999711513519287,species,1,rand_species,/Users/justyna-przy/Projects/ISE/FYP/src/dataset/bird_data/clips/species/falco_peregrinus/XC882221__s36000__e39000.wav,
falco_peregrinus,882221,Falco peregrinus,/Users/justyna-przy/Projects/ISE/FYP/src/dataset/bird_data/raw/falco_peregrinus/XC882221.mp3,39.0,42.0,-37.79866582090247,-40.0,species,Falco peregrinus,Peregrine Falcon,0.9999285936355591,0.9999285936355591,species,1,rand_species,/Users/justyna-przy/Projects/ISE/FYP/src/dataset/bird_data/clips/species/falco_peregrinus/XC882221__s39000__e42000.wav,
falco_peregrinus,198259,Falco peregrinus,/Users/justyna-przy/Projects/ISE/FYP/src/dataset/bird_data/raw/falco_peregrinus/XC198259.mp3,7.0,10.0,-19.909190644949206,-22.944778820218428,species,Falco peregrinus,Peregrine Falcon,0.9981524348258972,0.9981524348258972,species,1,rand_species,/Users/justyna-przy/Projects/ISE/FYP/src/dataset/bird_data/clips/species/falco_peregrinus/XC198259__s7000__e10000.wav,
falco_peregrinus,198259,Falco peregrinus,/Users/justyna-przy/Projects/ISE/FYP/src/dataset/bird_data/raw/falco_peregrinus/XC198259.mp3,10.0,13.0,-18.51516518217511,-22.944778820218428,drop,Megarynchus pitangua,Boat-billed Flycatcher,0.6432141661643982,0.6432141661643982,drop,0,,,
falco_peregrinus,198259,Falco peregrinus,/Users/justyna-przy/Projects/ISE/FYP/src/dataset/bird_data/raw/falco_peregrinus/XC198259.mp3,13.0,16.0,-21.77700411002614,-22.944778820218428,drop,Megarynchus pitangua,Boat-billed Flycatcher,0.9715723395347595,0.9715723395347595,drop,0,,,
falco_peregrinus,789133,Falco peregrinus,/Users/justyna-przy/Projects/ISE/FYP/src/dataset/bird_data/raw/falco_peregrinus/XC789133.mp3,4.0,7.0,-40.4415966888972,-40.0,species,Falco peregrinus,Peregrine Falcon,0.9941346049308777,0.9941346049308777,species,1,rand_species,/Users/justyna-przy/Projects/ISE/FYP/src/dataset/bird_data/clips/species/falco_peregrinus/XC789133__s4000__e7000.wav,
falco_peregrinus,144979,Falco peregrinus,/Users/justyna-przy/Projects/ISE/FYP/src/dataset/bird_data/raw/falco_peregrinus/XC144979.mp3,4.0,7.0,-24.06915405717136,-28.461824413234385,species,Falco peregrinus,Peregrine Falcon,0.9700932502746582,0.9700932502746582,species,1,rand_species,/Users/justyna-przy/Projects/ISE/FYP/src/dataset/bird_data/clips/species/falco_peregrinus/XC144979__s4000__e7000.wav,
falco_peregrinus,627669,Falco peregrinus,/Users/justyna-przy/Projects/ISE/FYP/src/dataset/bird_data/raw/falco_peregrinus/XC627669.mp3,1.0,4.0,-33.54816976330207,-33.54816976330207,drop,Luscinia svecica,Bluethroat,0.27562206983566284,0.27562206983566284,drop,0,,,
falco_peregrinus,144977,Falco peregrinus,/Users/justyna-przy/Projects/ISE/FYP/src/dataset/bird_data/raw/falco_peregrinus/XC144977.mp3,4.0,7.0,-26.411752630437224,-29.716926905686282,species,Falco peregrinus,Peregrine Falcon,0.6804091930389404,0.6804091930389404,species,1,rand_species,/Users/justyna-przy/Projects/ISE/FYP/src/dataset/bird_data/clips/species/falco_peregrinus/XC144977__s4000__e7000.wav,
falco_peregrinus,406325,Falco peregrinus,/Users/justyna-przy/Projects/ISE/FYP/src/dataset/bird_data/raw/falco_peregrinus/XC406325.mp3,1.0,4.0,-38.85690084796032,-39.961702039026214,species,Falco peregrinus,Peregrine Falcon,0.9353538751602173,0.9353538751602173,species,0,,,
falco_peregrinus,406325,Falco peregrinus,/Users/justyna-przy/Projects/ISE/FYP/src/dataset/bird_data/raw/falco_peregrinus/XC406325.mp3,4.0,7.0,-34.99133562639885,-39.961702039026214,species,Falco peregrinus,Peregrine Falcon,0.9796943068504333,0.9796943068504333,species,1,rand_species,/Users/justyna-przy/Projects/ISE/FYP/src/dataset/bird_data/clips/species/falco_peregrinus/XC406325__s4000__e7000.wav,
falco_peregrinus,406325,Falco peregrinus,/Users/justyna-przy/Projects/ISE/FYP/src/dataset/bird_data/raw/falco_peregrinus/XC406325.mp3,7.0,10.0,-39.16585575272358,-39.961702039026214,drop,Dryocopus martius,Black Woodpecker,0.531814694404602,0.531814694404602,drop,0,,,
falco_peregrinus,406325,Falco peregrinus,/Users/justyna-przy/Projects/ISE/FYP/src/dataset/bird_data/raw/falco_peregrinus/XC406325.mp3,13.0,16.0,-38.398550789311436,-39.961702039026214,species,Falco peregrinus,Peregrine Falcon,0.9928775429725647,0.9928775429725647,species,1,rand_species,/Users/justyna-przy/Projects/ISE/FYP/src/dataset/bird_data/clips/species/falco_peregrinus/XC406325__s13000__e16000.wav,
falco_peregrinus,406325,Falco peregrinus,/Users/justyna-przy/Projects/ISE/FYP/src/dataset/bird_data/raw/falco_peregrinus/XC406325.mp3,16.0,19.0,-37.18853504669714,-39.961702039026214,species,Falco peregrinus,Peregrine Falcon,0.9549585580825806,0.9549585580825806,species,0,,,
falco_peregrinus,406325,Falco peregrinus,/Users/justyna-przy/Projects/ISE/FYP/src/dataset/bird_data/raw/falco_peregrinus/XC406325.mp3,19.0,22.0,-35.99882766268715,-39.961702039026214,species,Falco peregrinus,Peregrine Falcon,0.9594601392745972,0.9594601392745972,species,1,rand_species,/Users/justyna-przy/Projects/ISE/FYP/src/dataset/bird_data/clips/species/falco_peregrinus/XC406325__s19000__e22000.wav,
falco_peregrinus,406304,Falco peregrinus,/Users/justyna-przy/Projects/ISE/FYP/src/dataset/bird_data/raw/falco_peregrinus/XC406304.mp3,1.0,4.0,-38.273528240721355,-40.0,species,Falco peregrinus,Peregrine Falcon,0.9763117432594299,0.9763117432594299,species,0,,,
falco_peregrinus,406304,Falco peregrinus,/Users/justyna-przy/Projects/ISE/FYP/src/dataset/bird_data/raw/falco_peregrinus/XC406304.mp3,4.0,7.0,-37.09882233474031,-40.0,species,Falco peregrinus,Peregrine Falcon,0.9993883371353149,0.9993883371353149,species,0,,,
falco_peregrinus,406304,Falco peregrinus,/Users/justyna-przy/Projects/ISE/FYP/src/dataset/bird_data/raw/falco_peregrinus/XC406304.mp3,13.0,16.0,-39.309039811615555,-40.0,species,Falco peregrinus,Peregrine Falcon,0.9441099762916565,0.9441099762916565,species,1,rand_species,/Users/justyna-przy/Projects/ISE/FYP/src/dataset/bird_data/clips/species/falco_peregrinus/XC406304__s13000__e16000.wav,
falco_peregrinus,406304,Falco peregrinus,/Users/justyna-przy/Projects/ISE/FYP/src/dataset/bird_data/raw/falco_peregrinus/XC406304.mp3,16.0,19.0,-39.79134313564708,-40.0,species,Falco peregrinus,Peregrine Falcon,0.9081031084060669,0.9081031084060669,species,1,rand_species,/Users/justyna-przy/Projects/ISE/FYP/src/dataset/bird_data/clips/species/falco_peregrinus/XC406304__s16000__e19000.wav,
falco_peregrinus,406304,Falco peregrinus,/Users/justyna-przy/Projects/ISE/FYP/src/dataset/bird_data/raw/falco_peregrinus/XC406304.mp3,25.0,28.0,-39.0025218052459,-40.0,species,Falco peregrinus,Peregrine Falcon,0.9920502305030823,0.9920502305030823,species,1,rand_species,/Users/justyna-przy/Projects/ISE/FYP/src/dataset/bird_data/clips/species/falco_peregrinus/XC406304__s25000__e28000.wav,
falco_peregrinus,406302,Falco peregrinus,/Users/justyna-przy/Projects/ISE/FYP/src/dataset/bird_data/raw/falco_peregrinus/XC406302.mp3,4.0,7.0,-32.961322221154774,-33.39103658846372,species,Falco peregrinus,Peregrine Falcon,0.9653613567352295,0.9653613567352295,species,1,rand_species,/Users/justyna-przy/Projects/ISE/FYP/src/dataset/bird_data/clips/species/falco_peregrinus/XC406302__s4000__e7000.wav,
falco_peregrinus,406302,Falco peregrinus,/Users/justyna-przy/Projects/ISE/FYP/src/dataset/bird_data/raw/falco_peregrinus/XC406302.mp3,7.0,10.0,-31.272035078660565,-33.39103658846372,species,Falco peregrinus,Peregrine Falcon,0.9992552399635315,0.9992552399635315,species,1,rand_species,/Users/justyna-przy/Projects/ISE/FYP/src/dataset/bird_data/clips/species/falco_peregrinus/XC406302__s7000__e10000.wav,
falco_peregrinus,406302,Falco peregrinus,/Users/justyna-przy/Projects/ISE/FYP/src/dataset/bird_data/raw/falco_peregrinus/XC406302.mp3,10.0,13.0,-30.12961428987762,-33.39103658846372,species,Falco peregrinus,Peregrine Falcon,0.9990434050559998,0.9990434050559998,species,1,rand_species,/Users/justyna-przy/Projects/ISE/FYP/src/dataset/bird_data/clips/species/falco_peregrinus/XC406302__s10000__e13000.wav,
falco_peregrinus,405709,Falco peregrinus,/Users/justyna-przy/Projects/ISE/FYP/src/dataset/bird_data/raw/falco_peregrinus/XC405709.mp3,1.0,4.0,-22.593257639980607,-33.580083798647635,species,Falco peregrinus,Peregrine Falcon,0.9866293668746948,0.9866293668746948,species,1,rand_species,/Users/justyna-przy/Projects/ISE/FYP/src/dataset/bird_data/clips/species/falco_peregrinus/XC405709__s1000__e4000.wav,
falco_peregrinus,405709,Falco peregrinus,/Users/justyna-przy/Projects/ISE/FYP/src/dataset/bird_data/raw/falco_peregrinus/XC405709.mp3,4.0,7.0,-30.825732573069068,-33.580083798647635,species,Falco peregrinus,Peregrine Falcon,0.9995704293251038,0.9995704293251038,species,1,rand_species,/Users/justyna-przy/Projects/ISE/FYP/src/dataset/bird_data/clips/species/falco_peregrinus/XC405709__s4000__e7000.wav,
falco_peregrinus,405709,Falco peregrinus,/Users/justyna-przy/Projects/ISE/FYP/src/dataset/bird_data/raw/falco_peregrinus/XC405709.mp3,7.0,10.0,-32.99633140965723,-33.580083798647635,species,Falco peregrinus,Peregrine Falcon,0.9997398257255554,0.9997398257255554,species,0,,,
falco_peregrinus,405709,Falco peregrinus,/Users/justyna-przy/Projects/ISE/FYP/src/dataset/bird_data/raw/falco_peregrinus/XC405709.mp3,19.0,22.0,-33.3484880402547,-33.580083798647635,species,Falco peregrinus,Peregrine Falcon,0.995245635509491,0.995245635509491,species,0,,,
falco_peregrinus,405709,Falco peregrinus,/Users/justyna-przy/Projects/ISE/FYP/src/dataset/bird_data/raw/falco_peregrinus/XC405709.mp3,22.0,25.0,-23.9010996522569,-33.580083798647635,species,Falco peregrinus,Peregrine Falcon,0.9416276812553406,0.9416276812553406,species,0,,,
falco_peregrinus,405709,Falco peregrinus,/Users/justyna-przy/Projects/ISE/FYP/src/dataset/bird_data/raw/falco_peregrinus/XC405709.mp3,25.0,28.0,-28.009344677590718,-33.580083798647635,species,Falco peregrinus,Peregrine Falcon,0.999840259552002,0.999840259552002,species,1,rand_species,/Users/justyna-przy/Projects/ISE/FYP/src/dataset/bird_data/clips/species/falco_peregrinus/XC405709__s25000__e28000.wav,
falco_peregrinus,266616,Falco peregrinus,/Users/justyna-przy/Projects/ISE/FYP/src/dataset/bird_data/raw/falco_peregrinus/XC266616.mp3,1.0,4.0,-39.89563212560257,-39.89563212560257,species,Falco peregrinus,Peregrine Falcon,0.6203188896179199,0.6203188896179199,species,1,rand_species,/Users/justyna-przy/Projects/ISE/FYP/src/dataset/bird_data/clips/species/falco_peregrinus/XC266616__s1000__e4000.wav,
